#Insight Transform File V1.0
#Transform 0
Transform: AffineTransform_float_3_3
Parameters: 0.999999 -0.000898119 0.000330635 0.000897912 0.999999 0.000312297 -0.000331195 -0.000311703 1 -0.0464652 -0.0232711 -0.066634
FixedParameters: 0 0 0

#Transform 1
Transform: AffineTransform_float_3_3
Parameters: 0.999999 -0.000910592 0.000183778 0.000910637 0.999999 -0.000353833 -0.00018413 0.000354168 1 -0.0539423 0.0283352 -0.0719714
FixedParameters: 0 0 0

#Transform 2
Transform: AffineTransform_float_3_3
Parameters: 0.999999 -0.000913256 0.000153347 0.000913183 0.999999 0.00023914 -0.000153784 -0.00023886 1 -0.0543202 -0.032144 -0.0217417
FixedParameters: 0 0 0

#Transform 3
Transform: AffineTransform_float_3_3
Parameters: 1 -0.00106843 0.00020429 0.00106853 1 -0.00025986 -0.000203735 0.00025914 1 -0.0473273 -0.0187391 -0.0631152
FixedParameters: 0 0 0

#Transform 4
Transform: AffineTransform_float_3_3
Parameters: 0.999999 -0.000919636 7.87184e-05 0.000919616 0.999999 0.000132072 -7.89611e-05 -0.000131927 1 -0.0320144 0.00938866 0.0419363
FixedParameters: 0 0 0

#Transform 5
Transform: AffineTransform_float_3_3
Parameters: 0.999999 -0.000919623 7.8871e-05 0.000919629 0.999999 -3.39275e-05 -7.88085e-05 3.40725e-05 1 -0.0473662 -0.00591625 -0.0576362
FixedParameters: 0 0 0

#Transform 6
Transform: AffineTransform_float_3_3
Parameters: 0.999999 -0.000934182 -9.20498e-05 0.000934369 1 0.000550829 9.20166e-05 -0.000551171 1 -0.0345036 -0.0026803 0.0184201
FixedParameters: 0 0 0

#Transform 7
Transform: AffineTransform_float_3_3
Parameters: 0.999999 -0.000919636 7.87193e-05 0.000919616 0.999999 0.000131072 -7.89602e-05 -0.000130927 1 -0.0288664 -0.00420081 -0.0661587
FixedParameters: 0 0 0

#Transform 8
Transform: AffineTransform_float_3_3
Parameters: 0.999999 -0.000930553 -4.88142e-05 0.000930566 0.999999 0.000130955 4.85704e-05 -0.000131045 1 -0.0176371 0.0293897 -0.00580617
FixedParameters: 0 0 0

#Transform 9
Transform: AffineTransform_float_3_3
Parameters: 0.999999 -0.000842886 7.25113e-05 0.000842929 0.999999 -0.000294939 -7.2014e-05 0.000295061 1 -0.0251863 0.00590004 -0.0595761
FixedParameters: 0 0 0

#Transform 10
Transform: AffineTransform_float_3_3
Parameters: 1 -0.000600748 -0.000229658 0.000600853 1 0.000229862 0.000229382 -0.000230138 1 -0.01127 0.0343032 0.0523526
FixedParameters: 0 0 0

#Transform 11
Transform: AffineTransform_float_3_3
Parameters: 1 -0.000451324 -0.000299418 0.000451147 1 -0.000295135 0.000299685 0.000294865 1 -0.0533629 0.0637089 -0.0415143
FixedParameters: 0 0 0

#Transform 12
Transform: AffineTransform_float_3_3
Parameters: 1 -0.000110883 -0.000121926 0.000110765 1 -0.000481013 0.000122033 0.000480986 1 -0.0467519 -0.021242 0.0232573
FixedParameters: 0 0 0

#Transform 13
Transform: AffineTransform_float_3_3
Parameters: 1 8.08468e-05 -0.000178664 -8.12389e-05 1 -0.00109799 0.000178486 0.00109802 1 -0.0461478 -0.0127989 -0.0272209
FixedParameters: 0 0 0

#Transform 14
Transform: AffineTransform_float_3_3
Parameters: 1 -2.78951e-05 2.42164e-06 2.79002e-05 1 -0.001074 -2.36171e-06 0.001074 1 -0.02653 0.0521351 -0.00925822
FixedParameters: 0 0 0

#Transform 15
Transform: AffineTransform_float_3_3
Parameters: 1 -9.963e-05 8.5942e-06 9.9639e-05 1 -0.000526999 -8.48918e-06 0.000527001 1 0.00557236 -0.0382589 0.0314146
FixedParameters: 0 0 0

#Transform 16
Transform: AffineTransform_float_3_3
Parameters: 1 -0.000580702 -0.000168539 0.000580417 1 -0.000842183 0.000169517 0.000841817 0.999999 -0.0271077 0.0489154 -0.0776792
FixedParameters: 0 0 0

#Transform 17
Transform: AffineTransform_float_3_3
Parameters: 1 -0.000561925 4.8328e-05 0.000561952 1 -0.000271973 -4.80223e-05 0.000272027 1 -0.00332574 -0.0265256 0.000658606
FixedParameters: 0 0 0

#Transform 18
Transform: AffineTransform_float_3_3
Parameters: 1 -0.000561897 4.86612e-05 0.00056198 1 -0.000865058 -4.76891e-05 0.000864942 0.999999 -0.0033406 -0.0075042 -0.0858453
FixedParameters: 0 0 0

#Transform 19
Transform: AffineTransform_float_3_3
Parameters: 1 -6.90242e-05 0.00022473 6.90908e-05 1 -0.000147984 -0.00022471 0.000148016 1 0.00282855 0.0215869 -0.00979169
FixedParameters: 0 0 0

#Transform 20
Transform: AffineTransform_float_3_3
Parameters: 1 0.000142475 -1.22435e-05 -0.00014248 1 -0.000202998 1.21857e-05 0.000203002 1 -0.0143898 0.00410974 0.00427106
FixedParameters: 0 0 0

#Transform 21
Transform: AffineTransform_float_3_3
Parameters: 1 -9.76442e-05 8.34313e-06 9.76395e-05 1 0.000284001 -8.39859e-06 -0.000283999 1 -0.00507168 0.0773544 0.00630908
FixedParameters: 0 0 0

#Transform 22
Transform: AffineTransform_float_3_3
Parameters: 1 -8.07068e-05 6.88503e-06 8.07011e-05 1 0.000418 -6.9525e-06 -0.000417999 1 0.0102534 -0.00476592 0.0280911
FixedParameters: 0 0 0

#Transform 23
Transform: AffineTransform_float_3_3
Parameters: 1 -0.000110951 -0.000227303 0.000111697 1 -0.000551025 0.000227341 0.000550975 1 -0.0254278 0.0721497 -0.0462778
FixedParameters: 0 0 0

#Transform 24
Transform: AffineTransform_float_3_3
Parameters: 1 0.000199987 0.000132478 -0.000200093 1 0.000402966 -0.000132317 -0.000402034 1 0.0036511 -0.0034842 0.00826295
FixedParameters: 0 0 0

#Transform 25
Transform: AffineTransform_float_3_3
Parameters: 1 0.000201051 8.50392e-05 -0.000200964 1 -0.000510017 -8.52442e-05 0.000509983 1 -0.0104638 0.00442118 -0.0208348
FixedParameters: 0 0 0

#Transform 26
Transform: AffineTransform_float_3_3
Parameters: 1 9.06676e-05 -7.77094e-06 -9.06673e-05 1 2.20007e-05 7.77493e-06 -2.19993e-05 1 -0.0150241 0.0562481 0.007016
FixedParameters: 0 0 0

#Transform 27
Transform: AffineTransform_float_3_3
Parameters: 1 0.000265753 0.00019708 -0.000265847 1 0.000239948 -0.000196952 -0.000240052 1 0.00960814 -0.00960088 0.00720535
FixedParameters: 0 0 0

#Transform 28
Transform: AffineTransform_float_3_3
Parameters: 1 0.000136494 -1.1765e-05 -0.000136505 1 -0.000460998 1.16392e-05 0.000461001 1 -0.0161239 0.0618985 -0.045612
FixedParameters: 0 0 0

#Transform 29
Transform: AffineTransform_float_3_3
Parameters: 1 0.000255973 0.000117576 -0.000255982 1 4.19699e-05 -0.000117554 -4.20301e-05 1 0.0089198 -0.0169626 0.0286386
FixedParameters: 0 0 0

#Transform 30
Transform: AffineTransform_float_3_3
Parameters: 1 0.00026602 -2.28545e-05 -0.000266028 1 -0.000180994 2.27582e-05 0.000181006 1 0.00686815 -0.00793226 -0.0187733
FixedParameters: 0 0 0

#Transform 31
Transform: AffineTransform_float_3_3
Parameters: 1 0.00019726 -1.71009e-05 -0.000197292 0.999999 -0.000954996 1.67241e-05 0.000955002 0.999999 -0.029612 0.060487 -0.0707532
FixedParameters: 0 0 0

#Transform 32
Transform: AffineTransform_float_3_3
Parameters: 1 0.000253091 0.000223092 -0.000252889 1 -0.000451056 -0.00022332 0.000450943 1 0.0120721 -0.00633834 0.0101625
FixedParameters: 0 0 0

#Transform 33
Transform: AffineTransform_float_3_3
Parameters: 1 0.000462267 -4.00703e-05 -0.000462342 1 -0.000945067 3.91966e-05 0.000944933 0.999999 -0.0168754 0.00728372 -0.0573824
FixedParameters: 0 0 0

#Transform 34
Transform: AffineTransform_float_3_3
Parameters: 1 0.000466028 0.000200566 -0.000465704 0.999999 -0.000806093 -0.000201317 0.000805906 0.999999 -0.0193571 0.0468242 0.00792965
FixedParameters: 0 0 0

#Transform 35
Transform: AffineTransform_float_3_3
Parameters: 1 0.000590046 -0.000106205 -0.000590109 0.999999 -0.000698937 0.000106377 0.000699062 1 -0.0153343 -0.0191173 0.0139023
FixedParameters: 0 0 0

#Transform 36
Transform: AffineTransform_float_3_3
Parameters: 1 0.000533689 -0.000118845 -0.000533051 0.999998 -0.00152094 0.000117137 0.00152106 0.999999 -0.0334754 0.0396684 -0.0992999
FixedParameters: 0 0 0

#Transform 37
Transform: AffineTransform_float_3_3
Parameters: 1 0.000693992 -0.00013439 -0.000694143 1 -0.000882992 0.000134161 0.000883008 0.999999 -0.0197125 -0.0185598 0.0245325
FixedParameters: 0 0 0

#Transform 38
Transform: AffineTransform_float_3_3
Parameters: 1 0.00058479 -5.08924e-05 -0.000584834 0.999999 -0.00128697 5.03834e-05 0.00128703 0.999999 -0.0214181 0.0055874 -0.0868213
FixedParameters: 0 0 0

#Transform 39
Transform: AffineTransform_float_3_3
Parameters: 1 0.00104708 -9.07156e-05 -0.00104716 0.999999 -0.00089999 8.98272e-05 0.000900009 0.999999 -0.0163946 0.0144799 0.000530507
FixedParameters: 0 0 0

#Transform 40
Transform: AffineTransform_float_3_3
Parameters: 1 0.000695379 -6.04298e-05 -0.000695434 0.999999 -0.00116296 5.98086e-05 0.00116304 1 -0.00106124 -0.013882 -0.0324512
FixedParameters: 0 0 0

#Transform 41
Transform: AffineTransform_float_3_3
Parameters: 1 0.000451873 7.10417e-05 -0.000451673 0.999999 -0.00139703 -7.23039e-05 0.00139697 0.999999 -0.00684825 0.042632 -0.0595155
FixedParameters: 0 0 0

#Transform 42
Transform: AffineTransform_float_3_3
Parameters: 1 0.00066651 -5.76738e-05 -0.000666516 1 -0.000795047 5.76104e-05 0.000794954 0.999999 0.0168193 -0.0145228 0.00493362
FixedParameters: 0 0 0

#Transform 43
Transform: AffineTransform_float_3_3
Parameters: 0.999999 0.00074598 -0.000158782 -0.000746429 0.999998 -0.00195888 0.000157851 0.00195912 0.999998 -0.00581823 0.0136209 -0.123925
FixedParameters: 0 0 0

#Transform 44
Transform: AffineTransform_float_3_3
Parameters: 1 0.000310001 -0.000197674 -0.000310489 0.999999 -0.00144994 0.000197771 0.00145006 0.999999 -0.00405426 -0.00949376 -0.0234405
FixedParameters: 0 0 0

#Transform 45
Transform: AffineTransform_float_3_3
Parameters: 1 0.000665487 -5.78911e-05 -0.000665545 0.999999 -0.00125096 5.72223e-05 0.00125104 0.999999 0.00596562 -0.0139175 -0.024918
FixedParameters: 0 0 0

#Transform 46
Transform: AffineTransform_float_3_3
Parameters: 1 0.000508049 -4.45676e-05 -0.000508138 0.999998 -0.00197798 4.3554e-05 0.00197802 0.999998 -0.0288207 0.0384244 -0.103774
FixedParameters: 0 0 0

#Transform 47
Transform: AffineTransform_float_3_3
Parameters: 0.999999 0.000758088 6.06536e-05 -0.000757954 0.999999 -0.00108605 -6.23e-05 0.00108595 1 -0.000147641 -0.0214744 -0.0181302
FixedParameters: 0 0 0

#Transform 48
Transform: AffineTransform_float_3_3
Parameters: 0.999999 0.000826396 0.00022211 -0.000825694 0.999998 -0.00138418 -0.0002234 0.00138382 0.999999 -0.00221197 -0.000736103 -0.110986
FixedParameters: 0 0 0

#Transform 49
Transform: AffineTransform_float_3_3
Parameters: 1 0.000674467 -5.85038e-05 -0.000674499 1 -0.00100305 5.81471e-05 0.00100295 0.999999 -0.0154795 0.0268481 -0.0691327
FixedParameters: 0 0 0

#Transform 50
Transform: AffineTransform_float_3_3
Parameters: 0.999999 0.000734252 -6.3583e-05 -0.000734276 1 -0.000859039 6.33179e-05 0.000858962 0.999999 -0.00203088 -0.0315724 -0.0779112
FixedParameters: 0 0 0

#Transform 51
Transform: AffineTransform_float_3_3
Parameters: 1 0.000324777 -2.82142e-05 -0.00032484 1 -0.00113399 2.74776e-05 0.00113401 1 -0.00461252 0.0336664 -0.123808
FixedParameters: 0 0 0

#Transform 52
Transform: AffineTransform_float_3_3
Parameters: 1 0.000701393 -6.05199e-05 -0.00070146 0.999999 -0.000550957 5.9747e-05 0.000551042 1 0.0263364 -0.041875 -0.0445682
FixedParameters: 0 0 0

#Transform 53
Transform: AffineTransform_float_3_3
Parameters: 1 0.000324774 -2.82503e-05 -0.000324843 0.999999 -0.00124499 2.74415e-05 0.00124501 0.999999 0.0127337 0.0178397 -0.136921
FixedParameters: 0 0 0

#Transform 54
Transform: AffineTransform_float_3_3
Parameters: 1 0.000344082 0.000196236 -0.000343973 1 -0.000278067 -0.000196427 0.000277932 1 0.0375132 -0.0169023 -0.033994
FixedParameters: 0 0 0

#Transform 55
Transform: AffineTransform_float_3_3
Parameters: 1 0.000324777 -2.82087e-05 -0.00032484 1 -0.00111699 2.74831e-05 0.00111701 1 0.00766144 0.00685586 -0.111917
FixedParameters: 0 0 0

#Transform 56
Transform: AffineTransform_float_3_3
Parameters: 1 0.000557936 -4.80282e-05 -0.00055797 1 -0.000348973 4.76387e-05 0.000349027 1 0.0193598 0.0486022 -0.0424497
FixedParameters: 0 0 0

#Transform 57
Transform: AffineTransform_float_3_3
Parameters: 1 0.00061173 -5.27463e-05 -0.000611781 0.999999 -0.000490968 5.21456e-05 0.000491032 1 0.0382096 0.00442459 -0.0726626
FixedParameters: 0 0 0

#Transform 58
Transform: AffineTransform_float_3_3
Parameters: 1 0.000596804 -5.12417e-05 -0.000596817 1 -0.000128969 5.10877e-05 0.00012903 1 0.0198113 0.0652218 -0.0562256
FixedParameters: 0 0 0

#Transform 59
Transform: AffineTransform_float_3_3
Parameters: 0.999999 0.000732683 0.000210008 -0.000732579 0.999999 -0.000247154 -0.00021037 0.000246846 1 0.0514585 0.00500579 -0.0162635
FixedParameters: 0 0 0

#Transform 60
Transform: AffineTransform_float_3_3
Parameters: 1 0.000568802 0.00041457 -0.000568241 0.999999 -0.000676235 -0.000415339 0.000675763 0.999999 0.0237961 0.0569818 -0.118164
FixedParameters: 0 0 0

#Transform 61
Transform: AffineTransform_float_3_3
Parameters: 0.999999 0.000665598 0.000294147 -0.00066553 1 -0.000116196 -0.000294302 0.000115804 1 0.0385782 0.0195906 -0.0270818
FixedParameters: 0 0 0

#Transform 62
Transform: AffineTransform_float_3_3
Parameters: 0.999999 0.000725374 0.000289026 -0.000725315 0.999999 -0.00010121 -0.000289173 0.00010079 1 0.0502897 0.0155413 -0.0440912
FixedParameters: 0 0 0

#Transform 63
Transform: AffineTransform_float_3_3
Parameters: 0.999999 0.000661399 0.000348437 -0.00066102 0.999999 -0.000543237 -0.000349156 0.000543762 0.999999 0.0278969 0.0742415 -0.105387
FixedParameters: 0 0 0

#Transform 64
Transform: AffineTransform_float_3_3
Parameters: 1 0.00104528 0.00056439 -0.00104484 1 -0.000390682 -0.000565206 0.000390317 0.999999 0.0424683 -0.00340432 -0.0153636
FixedParameters: 0 0 0

#Transform 65
Transform: AffineTransform_float_3_3
Parameters: 0.999999 0.0011117 0.000540182 -0.00111176 0.999999 -0.000785693 -0.000540847 0.000785307 0.999999 0.0264309 0.0172315 -0.109476
FixedParameters: 0 0 0

#Transform 66
Transform: AffineTransform_float_3_3
Parameters: 0.999998 0.00157901 0.000538557 -0.00157863 0.999998 -0.000351943 -0.000539667 0.000351056 1 0.0345925 0.0201316 0.0022392
FixedParameters: 0 0 0

#Transform 67
Transform: AffineTransform_float_3_3
Parameters: 0.999999 0.00126441 0.000414656 -0.00126374 0.999999 -0.000700617 -0.000415431 0.000700383 0.999999 0.0333082 0.00213222 -0.0453558
FixedParameters: 0 0 0

#Transform 68
Transform: AffineTransform_float_3_3
Parameters: 0.999999 0.0011282 0.000727024 -0.00112738 0.999998 -0.00119283 -0.000728632 0.00119217 0.999999 0.00133865 0.0664767 -0.10713
FixedParameters: 0 0 0

#Transform 69
Transform: AffineTransform_float_3_3
Parameters: 0.999998 0.00140856 0.000934341 -0.0014084 0.999999 -0.000574324 -0.000934874 0.000572677 1 0.0221471 -0.0143585 -0.0292703
FixedParameters: 0 0 0

#Transform 70
Transform: AffineTransform_float_3_3
Parameters: 0.999999 0.00146545 0.000561636 -0.00146625 0.999999 -0.000171916 -0.000562054 0.000171084 1 0.0287132 0.0229139 -0.0268673
FixedParameters: 0 0 0

#Transform 71
Transform: AffineTransform_float_3_3
Parameters: 0.999999 0.0011277 0.000722145 -0.00112694 0.999999 -0.00110181 -0.00072255 0.00110019 0.999999 0.0103694 0.0674343 -0.14934
FixedParameters: 0 0 0

#Transform 72
Transform: AffineTransform_float_3_3
Parameters: 0.999999 0.00134478 0.000802638 -0.00134524 0.999999 -0.000337172 -0.000803458 0.000335827 0.999999 0.0160353 0.00843329 -0.0380105
FixedParameters: 0 0 0

#Transform 73
Transform: AffineTransform_float_3_3
Parameters: 0.999999 0.00165752 0.000583098 -0.00165737 0.999999 -0.000908061 -0.000585024 0.00090694 1 -0.00359742 -0.00599699 -0.0710654
FixedParameters: 0 0 0

#Transform 74
Transform: AffineTransform_float_3_3
Parameters: 0.999999 0.00135364 0.000706904 -0.0013522 0.999998 -0.00159697 -0.000709146 0.00159604 0.999999 -0.0206274 0.0351608 -0.166441
FixedParameters: 0 0 0

#Transform 75
Transform: AffineTransform_float_3_3
Parameters: 0.999999 0.00154002 0.000874666 -0.00153875 0.999998 -0.000677362 -0.000875754 0.000676638 1 0.00141333 -0.0187216 -0.0766986
FixedParameters: 0 0 0

#Transform 76
Transform: AffineTransform_float_3_3
Parameters: 0.999998 0.00179789 0.000819004 -0.00179641 0.999998 -0.00140658 -0.00082198 0.00140543 0.999999 2.56303e-06 -0.0294692 -0.169865
FixedParameters: 0 0 0

#Transform 77
Transform: AffineTransform_float_3_3
Parameters: 0.999999 0.00154161 0.00097156 -0.00154077 0.999998 -0.000903505 -0.00097326 0.000901493 0.999999 0.00278437 0.0191215 -0.123059
FixedParameters: 0 0 0

#Transform 78
Transform: AffineTransform_float_3_3
Parameters: 0.999998 0.00181433 0.000948404 -0.00181405 0.999998 -0.000630822 -0.000949608 0.000629179 1 0.0115676 -0.0406158 -0.110117
FixedParameters: 0 0 0

#Transform 79
Transform: AffineTransform_float_3_3
Parameters: 0.999999 0.00155679 0.000969888 -0.00155548 0.999998 -0.0011456 -0.000972368 0.0011434 0.999999 0.00277656 0.0258792 -0.196411
FixedParameters: 0 0 0

#Transform 80
Transform: AffineTransform_float_3_3
Parameters: 0.999998 0.00164212 0.00096305 -0.00164153 0.999998 -0.000776597 -0.000964517 0.000775403 0.999999 0.0225652 -0.0249631 -0.103674
FixedParameters: 0 0 0

#Transform 81
Transform: AffineTransform_float_3_3
Parameters: 0.999998 0.00170857 0.000957809 -0.00170867 0.999998 -0.000464652 -0.000959309 0.000463347 1 0.0229954 -0.0187305 -0.115926
FixedParameters: 0 0 0

#Transform 82
Transform: AffineTransform_float_3_3
Parameters: 0.999999 0.00152505 0.000972444 -0.00152437 0.999998 -0.00128558 -0.000974199 0.00128442 0.999998 0.0394505 -0.014479 -0.193073
FixedParameters: 0 0 0

#Transform 83
Transform: AffineTransform_float_3_3
Parameters: 0.999998 0.00147281 0.00121166 -0.00147112 0.999998 -0.0014468 -0.00121375 0.0014452 0.999998 0.0390235 0.0245515 -0.204507
FixedParameters: 0 0 0

#Transform 84
Transform: AffineTransform_float_3_3
Parameters: 0.999997 0.0018053 0.00126885 -0.00180484 0.999998 -0.000935392 -0.00127106 0.000932608 0.999998 0.0482376 -0.0347771 -0.126525
FixedParameters: 0 0 0

#Transform 85
Transform: AffineTransform_float_3_3
Parameters: 0.999998 0.00170787 0.00124059 -0.00170483 0.999997 -0.00192014 -0.00124398 0.00191886 0.999998 0.0156779 -0.00375899 -0.270768
FixedParameters: 0 0 0

#Transform 86
Transform: AffineTransform_float_3_3
Parameters: 0.999997 0.0019484 0.00133156 -0.00194648 0.999997 -0.00103062 -0.00133349 0.00102838 0.999999 0.035037 -0.0410039 -0.165154
FixedParameters: 0 0 0

#Transform 87
Transform: AffineTransform_float_3_3
Parameters: 0.999998 0.00194749 0.0012997 -0.00194599 0.999998 -0.000930554 -0.00130224 0.000928445 0.999999 0.0345319 -0.0528493 -0.183173
FixedParameters: 0 0 0

#Transform 88
Transform: AffineTransform_float_3_3
Parameters: 0.999998 0.0017537 0.00115315 -0.00175226 0.999997 -0.00137804 -0.00115482 0.00137596 0.999999 0.0258384 -0.0539517 -0.264195
FixedParameters: 0 0 0

#Transform 89
Transform: AffineTransform_float_3_3
Parameters: 0.999996 0.00194501 0.0018039 -0.00194257 0.999998 -0.00143554 -0.00180623 0.00143246 0.999997 0.0265431 -0.00378595 -0.247877
FixedParameters: 0 0 0

#Transform 90
Transform: AffineTransform_float_3_3
Parameters: 0.999997 0.00204206 0.00178724 -0.00204034 0.999997 -0.000993679 -0.00178913 0.00099032 0.999997 0.037987 -0.0673954 -0.198093
FixedParameters: 0 0 0

#Transform 91
Transform: AffineTransform_float_3_3
Parameters: 0.999996 0.00204742 0.00183371 -0.00204409 0.999996 -0.00165278 -0.00183722 0.00164921 0.999997 0.0006438 -0.0124932 -0.351735
FixedParameters: 0 0 0

#Transform 92
Transform: AffineTransform_float_3_3
Parameters: 0.999995 0.00206895 0.00210355 -0.0020676 0.999998 -0.000755304 -0.0021045 0.000751698 0.999998 0.00771611 -0.0523242 -0.291442
FixedParameters: 0 0 0

#Transform 93
Transform: AffineTransform_float_3_3
Parameters: 0.999996 0.00207487 0.00215937 -0.00207242 0.999997 -0.00122143 -0.00216218 0.00121757 0.999996 0.0029429 -0.055271 -0.34991
FixedParameters: 0 0 0

#Transform 94
Transform: AffineTransform_float_3_3
Parameters: 0.999996 0.00206028 0.00200615 -0.00205863 0.999998 -0.000640084 -0.0020077 0.000636915 0.999998 0.000784584 -0.00761874 -0.23838
FixedParameters: 0 0 0

#Transform 95
Transform: AffineTransform_float_3_3
Parameters: 0.999994 0.00239324 0.00244085 -0.00239135 0.999997 -0.0007628 -0.00244232 0.000757201 0.999997 0.0236362 -0.0707169 -0.271275
FixedParameters: 0 0 0

#Transform 96
Transform: AffineTransform_float_3_3
Parameters: 0.999996 0.00224271 0.00176937 -0.00224023 0.999997 -0.001217 -0.00177266 0.001213 0.999998 -0.00978981 0.000102546 -0.271423
FixedParameters: 0 0 0

#Transform 97
Transform: AffineTransform_float_3_3
Parameters: 0.999996 0.00233894 0.00198241 -0.00233792 0.999997 -0.000487673 -0.0019836 0.000483326 0.999997 0.0226757 -0.0497982 -0.211062
FixedParameters: 0 0 0

#Transform 98
Transform: AffineTransform_float_3_3
Parameters: 0.999995 0.00226221 0.00198694 -0.00225904 0.999996 -0.00148752 -0.0019904 0.00148247 0.999996 0.0190558 -0.0114592 -0.295121
FixedParameters: 0 0 0

#Transform 99
Transform: AffineTransform_float_3_3
Parameters: 0.999996 0.00232596 0.00198355 -0.00232499 0.999997 -0.000477558 -0.00198468 0.000472442 0.999998 0.0227204 -0.00881912 -0.194441
FixedParameters: 0 0 0

#Transform 100
Transform: AffineTransform_float_3_3
Parameters: 0.999995 0.00220846 0.0019926 -0.00220628 0.999998 -0.00100644 -0.00199488 0.00100256 0.999998 0.024132 -0.0212474 -0.241884
FixedParameters: 0 0 0

#Transform 101
Transform: AffineTransform_float_3_3
Parameters: 0.999996 0.00217624 0.00176936 -0.00217407 0.999997 -0.00110388 -0.00177099 0.00110012 0.999998 0.0209766 0.0315243 -0.216069
FixedParameters: 0 0 0

#Transform 102
Transform: AffineTransform_float_3_3
Parameters: 0.999995 0.00213359 0.00200022 -0.00213277 0.999998 -0.000434219 -0.00200098 0.000430781 0.999998 0.0440091 -0.0246375 -0.180458
FixedParameters: 0 0 0

#Transform 103
Transform: AffineTransform_float_3_3
Parameters: 0.999997 0.0020443 0.00180659 -0.00204251 0.999998 -0.00127572 -0.00180955 0.00127228 0.999998 0.0163724 0.0225402 -0.283959
FixedParameters: 0 0 0

#Transform 104
Transform: AffineTransform_float_3_3
Parameters: 0.999996 0.00205939 0.00200706 -0.0020586 0.999998 -0.000199162 -0.00200787 0.000194837 0.999998 0.0463133 -0.0101206 -0.179252
FixedParameters: 0 0 0

#Transform 105
Transform: AffineTransform_float_3_3
Parameters: 0.999996 0.00205701 0.0019509 -0.00205449 0.999997 -0.00134604 -0.00195318 0.00134196 0.999997 0.0388154 -0.0223713 -0.297032
FixedParameters: 0 0 0

#Transform 106
Transform: AffineTransform_float_3_3
Parameters: 0.999995 0.00202213 0.00216883 -0.00202223 0.999998 -0.000207338 -0.00216957 0.000203662 0.999998 0.0556142 -0.00645898 -0.179105
FixedParameters: 0 0 0

#Transform 107
Transform: AffineTransform_float_3_3
Parameters: 0.999995 0.00209596 0.00240571 -0.00209352 0.999997 -0.00109391 -0.00240803 0.00108909 0.999997 0.0519836 -0.0323716 -0.284959
FixedParameters: 0 0 0

#Transform 108
Transform: AffineTransform_float_3_3
Parameters: 0.999996 0.00206033 0.0020061 -0.00205858 0.999998 -0.000665084 -0.00200775 0.000661915 0.999998 0.062721 0.0222213 -0.200156
FixedParameters: 0 0 0

#Transform 109
Transform: AffineTransform_float_3_3
Parameters: 0.999996 0.00206131 0.00200508 -0.00205949 0.999997 -0.00115808 -0.0020076 0.00115392 0.999997 0.0625255 -0.0197908 -0.254478
FixedParameters: 0 0 0

#Transform 110
Transform: AffineTransform_float_3_3
Parameters: 0.999995 0.00225935 0.00192985 -0.00225706 0.999997 -0.00106639 -0.00193249 0.00106161 0.999998 0.0262577 0.032592 -0.199745
FixedParameters: 0 0 0

#Transform 111
Transform: AffineTransform_float_3_3
Parameters: 0.999995 0.00246359 0.00197153 -0.00246335 0.999997 -0.000546896 -0.00197305 0.000542106 0.999998 0.0463381 -0.0188985 -0.180001
FixedParameters: 0 0 0

#Transform 112
Transform: AffineTransform_float_3_3
Parameters: 0.999996 0.00224397 0.00198886 -0.00224142 0.999997 -0.0013295 -0.00199157 0.0013255 0.999997 0.0194238 0.0517767 -0.246302
FixedParameters: 0 0 0

#Transform 113
Transform: AffineTransform_float_3_3
Parameters: 0.999994 0.00246927 0.00222074 -0.00246733 0.999997 -0.000644519 -0.00222283 0.000638478 0.999997 0.0462666 -0.0302956 -0.167878
FixedParameters: 0 0 0

#Transform 114
Transform: AffineTransform_float_3_3
Parameters: 0.999995 0.00234149 0.00204314 -0.0023389 0.999997 -0.00108081 -0.00204602 0.00107519 0.999997 0.0358585 0.00813071 -0.261868
FixedParameters: 0 0 0

#Transform 115
Transform: AffineTransform_float_3_3
Parameters: 0.999994 0.00266169 0.00228198 -0.00266077 0.999996 -0.000822036 -0.00228409 0.000815967 0.999998 0.0365931 0.0178795 -0.179633
FixedParameters: 0 0 0

#Transform 116
Transform: AffineTransform_float_3_3
Parameters: 0.999995 0.00237403 0.00197691 -0.0023714 0.999996 -0.00161073 -0.00198121 0.00160528 0.999997 0.0366446 -0.0225952 -0.25997
FixedParameters: 0 0 0

#Transform 117
Transform: AffineTransform_float_3_3
Parameters: 0.999995 0.00235624 0.00241657 -0.0023549 0.999997 -0.000468652 -0.00241768 0.000463347 0.999996 0.0309047 0.0259729 -0.196434
FixedParameters: 0 0 0

#Transform 118
Transform: AffineTransform_float_3_3
Parameters: 0.999994 0.00244598 0.0023936 -0.00244402 0.999997 -0.000999815 -0.00239622 0.000994186 0.999997 0.0485261 -0.0266267 -0.23235
FixedParameters: 0 0 0

#Transform 119
Transform: AffineTransform_float_3_3
Parameters: 0.999995 0.00208946 0.00232241 -0.00208676 0.999997 -0.0013848 -0.00232485 0.0013802 0.999996 0.0390051 0.032735 -0.285415
FixedParameters: 0 0 0

#Transform 120
Transform: AffineTransform_float_3_3
Parameters: 0.999994 0.00211791 0.00265878 -0.00211497 0.999997 -0.00108342 -0.00266111 0.00107858 0.999996 0.0688349 -0.0423863 -0.238446
FixedParameters: 0 0 0

#Transform 121
Transform: AffineTransform_float_3_3
Parameters: 0.999995 0.00209876 0.00240862 -0.0020934 0.999996 -0.002078 -0.00241291 0.00207299 0.999994 0.038478 -0.0029345 -0.335127
FixedParameters: 0 0 0

#Transform 122
Transform: AffineTransform_float_3_3
Parameters: 0.999993 0.00237348 0.00263697 -0.00237053 0.999997 -0.000907215 -0.00263909 0.000900783 0.999996 0.0394564 -0.0276661 -0.23114
FixedParameters: 0 0 0

#Transform 123
Transform: AffineTransform_float_3_3
Parameters: 0.999994 0.00234464 0.00250571 -0.00234077 0.999996 -0.00150174 -0.0025084 0.00149526 0.999996 0.0393417 -0.006846 -0.327481
FixedParameters: 0 0 0

#Transform 124
Transform: AffineTransform_float_3_3
Parameters: 0.999993 0.00248851 0.00293954 -0.00248598 0.999997 -0.000743194 -0.00294105 0.000735806 0.999995 0.0468489 -0.0073238 -0.20052
FixedParameters: 0 0 0

#Transform 125
Transform: AffineTransform_float_3_3
Parameters: 0.999994 0.0023334 0.00250693 -0.00232918 0.999996 -0.00138771 -0.00251014 0.00138128 0.999996 0.0546289 -0.0200195 -0.279912
FixedParameters: 0 0 0

#Transform 126
Transform: AffineTransform_float_3_3
Parameters: 0.999994 0.00245496 0.002499 -0.00245389 0.999997 -0.000200092 -0.00249897 0.000193908 0.999997 0.0454429 0.0327858 -0.170238
FixedParameters: 0 0 0

#Transform 127
Transform: AffineTransform_float_3_3
Parameters: 0.999994 0.00259846 0.00258698 -0.00259575 0.999996 -0.0010716 -0.00259028 0.0010654 0.999997 0.0425948 0.0122359 -0.256024
FixedParameters: 0 0 0

#Transform 128
Transform: AffineTransform_float_3_3
Parameters: 0.999993 0.0027689 0.0025612 -0.00276517 0.999995 -0.00144306 -0.00256483 0.00143594 0.999996 0.0414027 0.0512658 -0.256397
FixedParameters: 0 0 0

#Transform 129
Transform: AffineTransform_float_3_3
Parameters: 0.999992 0.00263598 0.00277536 -0.0026327 0.999995 -0.0011012 -0.0027789 0.0010938 0.999995 0.0622427 -0.00939526 -0.18592
FixedParameters: 0 0 0

#Transform 130
Transform: AffineTransform_float_3_3
Parameters: 0.999993 0.0025613 0.00248541 -0.00255644 0.999995 -0.00209733 -0.00249063 0.00209068 0.999995 0.0153164 0.0054972 -0.33272
FixedParameters: 0 0 0

#Transform 131
Transform: AffineTransform_float_3_3
Parameters: 0.999993 0.00273893 0.00247255 -0.00273667 0.999996 -0.00101182 -0.00247482 0.00100518 0.999996 0.0279016 0.000186315 -0.194719
FixedParameters: 0 0 0

#Transform 132
Transform: AffineTransform_float_3_3
Parameters: 0.999993 0.00296728 0.00250197 -0.00296414 0.999995 -0.00135949 -0.00250569 0.00135252 0.999996 0.0177947 -0.02146 -0.255321
FixedParameters: 0 0 0

#Transform 133
Transform: AffineTransform_float_3_3
Parameters: 0.999993 0.00256602 0.00248525 -0.00256069 0.999995 -0.00199134 -0.00249003 0.00198467 0.999995 -0.000567297 0.022169 -0.263765
FixedParameters: 0 0 0

#Transform 134
Transform: AffineTransform_float_3_3
Parameters: 0.999991 0.0030065 0.00294467 -0.00300194 0.999994 -0.00156583 -0.00294964 0.00155716 0.999994 0.027553 -0.0283491 -0.241075
FixedParameters: 0 0 0

#Transform 135
Transform: AffineTransform_float_3_3
Parameters: 0.999992 0.00267291 0.00297126 -0.00266481 0.999993 -0.00261973 -0.00297856 0.00261126 0.999993 0.037622 -0.0168023 -0.36096
FixedParameters: 0 0 0

#Transform 136
Transform: AffineTransform_float_3_3
Parameters: 0.99999 0.00301847 0.00306379 -0.00301254 0.999994 -0.00203815 -0.00307048 0.00202886 0.999994 0.0486485 -0.0367473 -0.273021
FixedParameters: 0 0 0

#Transform 137
Transform: AffineTransform_float_3_3
Parameters: 0.999992 0.00276983 0.00283386 -0.00276124 0.999991 -0.00315074 -0.00284244 0.00314326 0.999991 0.00713663 -0.018285 -0.415093
FixedParameters: 0 0 0

#Transform 138
Transform: AffineTransform_float_3_3
Parameters: 0.999991 0.00282955 0.0029315 -0.00282339 0.999994 -0.00215427 -0.00293708 0.00214573 0.999993 0.0277108 -0.0604052 -0.305616
FixedParameters: 0 0 0

#Transform 139
Transform: AffineTransform_float_3_3
Parameters: 0.999991 0.00293967 0.00286672 -0.0029303 0.999991 -0.00323541 -0.00287587 0.00322759 0.999991 0.0102899 -0.0171243 -0.392563
FixedParameters: 0 0 0

#Transform 140
Transform: AffineTransform_float_3_3
Parameters: 0.99999 0.00302282 0.00310605 -0.00301645 0.999993 -0.00222729 -0.00311282 0.00221871 0.999993 0.0201101 -0.0455362 -0.31615
FixedParameters: 0 0 0

#Transform 141
Transform: AffineTransform_float_3_3
Parameters: 0.999991 0.0030094 0.00291236 -0.00299989 0.999989 -0.00336766 -0.00292167 0.00335934 0.99999 0.0146731 -0.0395382 -0.433586
FixedParameters: 0 0 0

#Transform 142
Transform: AffineTransform_float_3_3
Parameters: 0.999991 0.00302747 0.00315668 -0.00302051 0.999992 -0.00228545 -0.00316382 0.00227555 0.999992 0.0397022 -0.0352955 -0.338052
FixedParameters: 0 0 0

#Transform 143
Transform: AffineTransform_float_3_3
Parameters: 0.999988 0.00320248 0.00353623 -0.00318806 0.999988 -0.00387615 -0.0035488 0.00386486 0.999987 0.0147422 -0.0411409 -0.455009
FixedParameters: 0 0 0

#Transform 144
Transform: AffineTransform_float_3_3
Parameters: 0.999988 0.00345036 0.00351501 -0.00343735 0.999988 -0.00355796 -0.0035274 0.00354604 0.999988 0.0176907 -0.0580289 -0.370184
FixedParameters: 0 0 0

#Transform 145
Transform: AffineTransform_float_3_3
Parameters: 0.999989 0.00328044 0.00339337 -0.00326629 0.999986 -0.00398595 -0.00340628 0.00397505 0.999987 0.0144959 -0.0878097 -0.41555
FixedParameters: 0 0 0

#Transform 146
Transform: AffineTransform_float_3_3
Parameters: 0.999988 0.00339083 0.00352012 -0.00337831 0.999987 -0.00362577 -0.00353246 0.00361423 0.999987 0.0151013 -0.0138266 -0.39684
FixedParameters: 0 0 0

#Transform 147
Transform: AffineTransform_float_3_3
Parameters: 0.999987 0.00356987 0.00360869 -0.00355398 0.999983 -0.00450571 -0.00362425 0.00449229 0.999984 0.0197815 -0.107041 -0.404591
FixedParameters: 0 0 0

#Transform 148
Transform: AffineTransform_float_3_3
Parameters: 0.999989 0.00307171 0.00354508 -0.00305462 0.999983 -0.0049187 -0.0035606 0.0049073 0.999981 0.00521972 -0.0332357 -0.429515
FixedParameters: 0 0 0

#Transform 149
Transform: AffineTransform_float_3_3
Parameters: 0.999987 0.00328306 0.00393336 -0.003266 0.999986 -0.00430665 -0.00394703 0.00429335 0.999983 0.032911 -0.109221 -0.386484
FixedParameters: 0 0 0

#Transform 150
Transform: AffineTransform_float_3_3
Parameters: 0.999988 0.00336172 0.00351861 -0.00334432 0.999982 -0.00497465 -0.00353536 0.00496235 0.999982 0.0185441 -0.0269448 -0.4454
FixedParameters: 0 0 0

#Transform 151
Transform: AffineTransform_float_3_3
Parameters: 0.999989 0.0030781 0.00365441 -0.0030637 0.999987 -0.00402098 -0.00366674 0.00401002 0.999986 0.0268704 -0.0867997 -0.370554
FixedParameters: 0 0 0

#Transform 152
Transform: AffineTransform_float_3_3
Parameters: 0.999988 0.00326977 0.00361018 -0.00325126 0.999982 -0.00501462 -0.00362727 0.00500237 0.999981 0.0386309 -0.0836653 -0.479612
FixedParameters: 0 0 0

#Transform 153
Transform: AffineTransform_float_3_3
Parameters: 0.999989 0.00307109 0.00354562 -0.00305425 0.999984 -0.0047427 -0.00356014 0.00473229 0.999982 0.0428512 -0.0361217 -0.411286
FixedParameters: 0 0 0

#Transform 154
Transform: AffineTransform_float_3_3
Parameters: 0.999989 0.00308552 0.00370496 -0.00306815 0.999984 -0.00474516 -0.00371955 0.00473384 0.999982 0.0668034 -0.10276 -0.419902
FixedParameters: 0 0 0

#Transform 155
Transform: AffineTransform_float_3_3
Parameters: 0.999989 0.00285298 0.00378873 -0.0028342 0.999983 -0.00495744 -0.00380223 0.00494755 0.99998 0.0602447 -0.0235312 -0.506076
FixedParameters: 0 0 0

#Transform 156
Transform: AffineTransform_float_3_3
Parameters: 0.999988 0.002976 0.00387079 -0.00295896 0.999986 -0.00425607 -0.00388261 0.00424493 0.999984 0.0705448 -0.0831067 -0.408154
FixedParameters: 0 0 0

#Transform 157
Transform: AffineTransform_float_3_3
Parameters: 0.999987 0.00266473 0.00417285 -0.00264077 0.999981 -0.00559856 -0.00418752 0.00558743 0.999975 0.0738756 -0.0838573 -0.521463
FixedParameters: 0 0 0

#Transform 158
Transform: AffineTransform_float_3_3
Parameters: 0.999987 0.00272139 0.00416941 -0.00270186 0.999985 -0.0048559 -0.00418288 0.00484511 0.999979 0.0878824 -0.069962 -0.434572
FixedParameters: 0 0 0

#Transform 159
Transform: AffineTransform_float_3_3
Parameters: 0.999986 0.00275136 0.0044643 -0.00272661 0.999981 -0.00554565 -0.00447947 0.00553335 0.999974 0.104852 -0.10844 -0.453634
FixedParameters: 0 0 0

#Transform 160
Transform: AffineTransform_float_3_3
Parameters: 0.999986 0.00255375 0.00465885 -0.00252693 0.999981 -0.00565307 -0.00467328 0.00564092 0.999973 0.0934702 -0.0468933 -0.448988
FixedParameters: 0 0 0

#Transform 161
Transform: AffineTransform_float_3_3
Parameters: 0.999986 0.00266623 0.00470307 -0.00264462 0.999986 -0.00463373 -0.00471472 0.00462127 0.999978 0.122726 -0.0903173 -0.403624
FixedParameters: 0 0 0

#Transform 162
Transform: AffineTransform_float_3_3
Parameters: 0.999986 0.00275081 0.00447095 -0.00272719 0.999982 -0.00530067 -0.00448487 0.00528834 0.999976 0.0917673 -0.0252739 -0.494389
FixedParameters: 0 0 0

#Transform 163
Transform: AffineTransform_float_3_3
Parameters: 0.999986 0.00275222 0.00451634 -0.00273147 0.999985 -0.0047298 -0.00452932 0.0047172 0.999978 0.107089 -0.0584663 -0.347917
FixedParameters: 0 0 0

#Transform 164
Transform: AffineTransform_float_3_3
Parameters: 0.999986 0.00276907 0.00463855 -0.00274187 0.999979 -0.00591412 -0.00465468 0.00590088 0.999972 0.0992653 -0.0783964 -0.476235
FixedParameters: 0 0 0

#Transform 165
Transform: AffineTransform_float_3_3
Parameters: 0.999987 0.0026459 0.00437234 -0.00262053 0.99998 -0.00561992 -0.00438682 0.00560807 0.999974 0.0781978 -0.050355 -0.454506
FixedParameters: 0 0 0

#Transform 166
Transform: AffineTransform_float_3_3
Parameters: 0.999987 0.0027486 0.00444181 -0.00272545 0.999981 -0.00539458 -0.00445614 0.00538242 0.999975 0.0856053 -0.117175 -0.441704
FixedParameters: 0 0 0

#Transform 167
Transform: AffineTransform_float_3_3
Parameters: 0.999987 0.00272537 0.00416153 -0.00270075 0.999979 -0.00592079 -0.00417746 0.0059102 0.999974 0.0511009 -0.0438894 -0.48109
FixedParameters: 0 0 0

#Transform 168
Transform: AffineTransform_float_3_3
Parameters: 0.999985 0.00276151 0.00459477 -0.00273768 0.999983 -0.00518197 -0.00460814 0.00517003 0.999976 0.0625587 -0.0970807 -0.454268
FixedParameters: 0 0 0

#Transform 169
Transform: AffineTransform_float_3_3
Parameters: 0.999985 0.00276813 0.00459078 -0.00273777 0.999975 -0.00662406 -0.00460854 0.00661094 0.999967 0.0705486 -0.0921372 -0.519517
FixedParameters: 0 0 0

#Transform 170
Transform: AffineTransform_float_3_3
Parameters: 0.999982 0.00299521 0.00519231 -0.00296698 0.99998 -0.00548058 -0.00520843 0.00546442 0.999972 0.0699429 -0.0870028 -0.398362
FixedParameters: 0 0 0

#Transform 171
Transform: AffineTransform_float_3_3
Parameters: 0.999982 0.00283305 0.00529276 -0.00279835 0.999974 -0.006635 -0.00531198 0.00662 0.999964 0.0916399 -0.0777201 -0.510885
FixedParameters: 0 0 0

#Transform 172
Transform: AffineTransform_float_3_3
Parameters: 0.999982 0.00282884 0.00533365 -0.00280117 0.999982 -0.00520602 -0.00534849 0.00519097 0.999972 0.0805848 -0.0889367 -0.425088
FixedParameters: 0 0 0

#Transform 173
Transform: AffineTransform_float_3_3
Parameters: 0.999981 0.00305561 0.0052413 -0.00302358 0.999976 -0.00615404 -0.00525981 0.00613796 0.999967 0.0804923 -0.109219 -0.501214
FixedParameters: 0 0 0

#Transform 174
Transform: AffineTransform_float_3_3
Parameters: 0.999984 0.00279182 0.00491898 -0.00276605 0.999982 -0.00534093 -0.00493329 0.00532707 0.999973 0.0914844 -0.039919 -0.454308
FixedParameters: 0 0 0

#Transform 175
Transform: AffineTransform_float_3_3
Parameters: 0.999981 0.00296923 0.00548824 -0.00294695 0.999988 -0.00412625 -0.00549959 0.00410976 0.999977 0.113071 -0.0684875 -0.362089
FixedParameters: 0 0 0

#Transform 176
Transform: AffineTransform_float_3_3
Parameters: 0.999984 0.00302566 0.00491095 -0.00299591 0.999978 -0.00603906 -0.00492968 0.00602395 0.99997 0.0805046 -0.0582214 -0.488033
FixedParameters: 0 0 0

#Transform 177
Transform: AffineTransform_float_3_3
Parameters: 0.999981 0.00284927 0.00559522 -0.00282342 0.999985 -0.00463271 -0.00560819 0.00461629 0.999974 0.0964258 -0.0510917 -0.387114
FixedParameters: 0 0 0

#Transform 178
Transform: AffineTransform_float_3_3
Parameters: 0.99998 0.00308536 0.0055062 -0.00305613 0.999982 -0.00517794 -0.00552252 0.00516106 0.999971 0.0792642 -0.0947288 -0.457011
FixedParameters: 0 0 0

#Transform 179
Transform: AffineTransform_float_3_3
Parameters: 0.999982 0.00301477 0.00532992 -0.00298992 0.999984 -0.00476002 -0.00534419 0.00474398 0.999975 0.0697811 -0.05006 -0.434489
FixedParameters: 0 0 0

#Transform 180
Transform: AffineTransform_float_3_3
Parameters: 0.999978 0.00286849 0.00587908 -0.00284756 0.999989 -0.00358456 -0.00588867 0.00356744 0.999976 0.113344 -0.0902329 -0.374791
FixedParameters: 0 0 0

#Transform 181
Transform: AffineTransform_float_3_3
Parameters: 0.999979 0.00288287 0.00593134 -0.00285263 0.999983 -0.00515277 -0.00594616 0.00513523 0.999969 0.0933871 -0.0467215 -0.492046
FixedParameters: 0 0 0

#Transform 182
Transform: AffineTransform_float_3_3
Parameters: 0.999978 0.00287338 0.00594114 -0.00285336 0.99999 -0.00347778 -0.00595116 0.00346123 0.999976 0.121303 -0.0667652 -0.385956
FixedParameters: 0 0 0

#Transform 183
Transform: AffineTransform_float_3_3
Parameters: 0.99998 0.00284568 0.00553036 -0.00281799 0.999983 -0.00502459 -0.00554434 0.00500941 0.999972 0.107494 -0.0857797 -0.514262
FixedParameters: 0 0 0

#Transform 184
Transform: AffineTransform_float_3_3
Parameters: 0.999981 0.00239529 0.00564133 -0.00237176 0.999989 -0.00406627 -0.00565175 0.00405373 0.999976 0.126458 -0.0464085 -0.422842
FixedParameters: 0 0 0

#Transform 185
Transform: AffineTransform_float_3_3
Parameters: 0.999979 0.00262253 0.00589237 -0.00259615 0.999987 -0.00437512 -0.00590398 0.00435987 0.999973 0.107662 -0.079254 -0.436063
FixedParameters: 0 0 0

#Transform 186
Transform: AffineTransform_float_3_3
Parameters: 0.999981 0.00261966 0.0056006 -0.00259323 0.999986 -0.00477651 -0.00561311 0.00476149 0.999973 0.114296 -0.0280987 -0.435092
FixedParameters: 0 0 0

#Transform 187
Transform: AffineTransform_float_3_3
Parameters: 0.99998 0.00240458 0.00575628 -0.0023821 0.999989 -0.0038945 -0.00576595 0.00388049 0.999976 0.146273 -0.0793255 -0.379987
FixedParameters: 0 0 0

#Transform 188
Transform: AffineTransform_float_3_3
Parameters: 0.999981 0.00239828 0.00577028 -0.00238249 0.999994 -0.00263152 -0.00577657 0.00261847 0.99998 0.123046 -0.0726452 -0.287049
FixedParameters: 0 0 0

#Transform 189
Transform: AffineTransform_float_3_3
