#Insight Transform File V1.0
#Transform 0
Transform: AffineTransform_float_3_3
Parameters: 0.999996 -0.00243867 0.00100756 0.00243904 0.999997 -0.000227784 -0.00100744 0.000230217 0.999999 0.0361398 0.0037866 -0.0640715
FixedParameters: 0 0 0

#Transform 1
Transform: AffineTransform_float_3_3
Parameters: 0.999997 -0.0023815 0.000867862 0.00238169 0.999997 -0.000109174 -0.000867338 0.000110825 0.999999 0.0364614 0.0472459 -0.071642
FixedParameters: 0 0 0

#Transform 2
Transform: AffineTransform_float_3_3
Parameters: 0.999995 -0.00271682 0.00109004 0.00271682 0.999996 2.63563e-06 -0.00109005 6.35642e-07 0.999999 0.0385055 -0.0359525 -0.075797
FixedParameters: 0 0 0

#Transform 3
Transform: AffineTransform_float_3_3
Parameters: 0.999996 -0.00243542 0.000967903 0.002435 0.999997 0.000264117 -0.000968188 -0.000261884 0.999999 0.0599443 0.0285494 -0.0558977
FixedParameters: 0 0 0

#Transform 4
Transform: AffineTransform_float_3_3
Parameters: 0.999997 -0.0024262 0.00121367 0.0024262 0.999997 2.7963e-06 -0.00121368 -2.03694e-07 1 0.0557926 -0.0114153 -0.0913429
FixedParameters: 0 0 0

#Transform 5
Transform: AffineTransform_float_3_3
Parameters: 0.999996 -0.00250789 0.000694487 0.00250783 0.999997 0.000105494 -0.000694015 -0.000103508 1 0.0645723 0.0238081 -0.0251742
FixedParameters: 0 0 0

#Transform 6
Transform: AffineTransform_float_3_3
Parameters: 0.999997 -0.00215155 0.00118443 0.00215189 0.999998 -0.000143607 -0.00118381 0.000146392 1 0.0574722 -0.000421518 -0.086591
FixedParameters: 0 0 0

#Transform 7
Transform: AffineTransform_float_3_3
Parameters: 0.999997 -0.0023069 0.000756448 0.00230667 0.999998 0.000155497 -0.000757161 -0.000153502 1 0.0507667 0.0459801 -0.0200969
FixedParameters: 0 0 0

#Transform 8
Transform: AffineTransform_float_3_3
Parameters: 0.999998 -0.0017206 0.000907664 0.00172098 0.999999 -0.000210601 -0.000906936 0.000212398 0.999999 0.0402114 0.0178684 -0.0383217
FixedParameters: 0 0 0

#Transform 9
Transform: AffineTransform_float_3_3
Parameters: 0.999999 -0.0013969 0.000599509 0.0013969 0.999999 7.59644e-07 -0.00059951 -2.40354e-07 1 0.0277109 0.0632734 0.012651
FixedParameters: 0 0 0

#Transform 10
Transform: AffineTransform_float_3_3
Parameters: 1 -0.00107491 0.000363143 0.00107491 0.999999 3.90346e-07 -0.000363143 3.90346e-07 1 0.0208936 -0.00333144 -0.0224878
FixedParameters: 0 0 0

#Transform 11
Transform: AffineTransform_float_3_3
Parameters: 0.999999 -0.00113179 0.000507528 0.00113179 1 4.89309e-07 -0.000507528 4.89309e-07 1 0.0178356 0.0684743 0.000200718
FixedParameters: 0 0 0

#Transform 12
Transform: AffineTransform_float_3_3
Parameters: 0.999999 -0.000661765 0.000499351 0.000661765 1 3.30453e-07 -0.000499351 3.30453e-07 1 0.0122831 0.00923183 -0.0141593
FixedParameters: 0 0 0

#Transform 13
Transform: AffineTransform_float_3_3
Parameters: 1 -0.000547608 0.000110086 0.000547572 1 0.00016506 -0.000110266 -0.00016494 1 0.00559523 0.0765272 -0.00703155
FixedParameters: 0 0 0

#Transform 14
Transform: AffineTransform_float_3_3
Parameters: 1 -0.000577608 0.000392701 0.000577515 1 0.000118227 -0.000392837 -0.000117773 1 0.00564631 0.0100975 -0.0184701
FixedParameters: 0 0 0

#Transform 15
Transform: AffineTransform_float_3_3
Parameters: 1 -0.000547557 0.000110339 0.000547623 1 -0.00029794 -0.000110013 0.00029806 1 -0.00646323 0.0777977 -0.00490444
FixedParameters: 0 0 0

#Transform 16
Transform: AffineTransform_float_3_3
Parameters: 1 -8.4109e-05 -9.11354e-05 8.40771e-05 1 -0.000175008 9.11649e-05 0.000174992 1 0.00524031 -2.90023e-06 -0.00630859
FixedParameters: 0 0 0

#Transform 17
Transform: AffineTransform_float_3_3
Parameters: 1 -0.000369131 2.70478e-06 0.000369133 1 -0.000447999 -2.37404e-06 0.000448001 1 -0.0501431 0.0591822 -0.0994525
FixedParameters: 0 0 0

#Transform 18
Transform: AffineTransform_float_3_3
Parameters: 1 -0.000128552 -3.61699e-05 0.000128563 1 0.000145995 3.61323e-05 -0.000146005 1 -0.00248692 0.0111061 0.00390406
FixedParameters: 0 0 0

#Transform 19
Transform: AffineTransform_float_3_3
Parameters: 1 -7.8235e-07 0.000282109 1.03061e-06 1 -0.00044 -0.000282108 0.00044 1 -0.030183 0.046854 -0.0608715
FixedParameters: 0 0 0

#Transform 20
Transform: AffineTransform_float_3_3
Parameters: 1 -1.6615e-05 -9.99447e-05 1.65808e-05 1 -0.000171002 9.99504e-05 0.000170998 1 -0.0124595 -0.0014252 0.00640718
FixedParameters: 0 0 0

#Transform 21
Transform: AffineTransform_float_3_3
Parameters: 1 6.35874e-05 -4.25986e-05 -6.3602e-05 1 -0.000170997 4.25768e-05 0.000171003 1 -0.0454866 0.0574494 -0.0976675
FixedParameters: 0 0 0

#Transform 22
Transform: AffineTransform_float_3_3
Parameters: 1 0.00014726 0.000113839 -0.000147263 1 1.29832e-05 -0.000113835 -1.30168e-05 1 -0.0149506 0.0189781 -0.0337287
FixedParameters: 0 0 0

#Transform 23
Transform: AffineTransform_float_3_3
Parameters: 1 0.000182291 3.04491e-05 -0.000182259 1 -0.000511005 -3.06354e-05 0.000510994 1 -0.0382401 0.0320981 -0.079274
FixedParameters: 0 0 0

#Transform 24
Transform: AffineTransform_float_3_3
Parameters: 1 0.00039899 -1.72217e-05 -0.000398997 1 -0.000195993 1.70653e-05 0.000196007 1 -0.0146452 0.0445639 -0.0233927
FixedParameters: 0 0 0

#Transform 25
Transform: AffineTransform_float_3_3
Parameters: 1 0.000461248 -0.000168255 -0.00046142 1 -0.000510922 0.000167784 0.000511077 1 -0.0456391 0.0190374 -0.0737294
FixedParameters: 0 0 0

#Transform 26
Transform: AffineTransform_float_3_3
Parameters: 1 0.000465342 -0.000202638 -0.000465467 1 -0.000309906 0.000202349 0.000310094 1 -0.0358524 0.0792539 -0.0324791
FixedParameters: 0 0 0

#Transform 27
Transform: AffineTransform_float_3_3
Parameters: 1 0.000425711 -7.98751e-05 -0.000425792 1 -0.000510966 7.94399e-05 0.000511034 1 -0.0390087 0.00311783 -0.0844503
FixedParameters: 0 0 0

#Transform 28
Transform: AffineTransform_float_3_3
Parameters: 1 0.000262186 -0.000125903 -0.00026223 1 -0.000173967 0.000125811 0.000174033 1 -0.0342715 0.0616892 -0.0472291
FixedParameters: 0 0 0

#Transform 29
Transform: AffineTransform_float_3_3
Parameters: 1 0.000472007 0.000351695 -0.000471572 0.999999 -0.000619166 -0.000352279 0.000618833 0.999999 -0.0299299 0.00652416 -0.077157
FixedParameters: 0 0 0

#Transform 30
Transform: AffineTransform_float_3_3
Parameters: 1 0.000241823 -0.000363963 -0.000241763 1 8.3088e-05 0.000364003 -8.2912e-05 1 -0.0204618 0.0453299 -0.00327612
FixedParameters: 0 0 0

#Transform 31
Transform: AffineTransform_float_3_3
Parameters: 1 0.000438972 -8.90484e-05 -0.000439063 1 -0.000510961 8.85998e-05 0.000511039 1 -0.035712 0.0284781 -0.0966646
FixedParameters: 0 0 0

#Transform 32
Transform: AffineTransform_float_3_3
Parameters: 0.999999 0.000743226 -0.00011101 -0.000743262 0.999999 -0.000159917 0.000110772 0.000160082 1 -0.0305676 0.0417667 0.00533895
FixedParameters: 0 0 0

#Transform 33
Transform: AffineTransform_float_3_3
Parameters: 1 0.00067395 -7.61461e-05 -0.000674018 0.999999 -0.000443949 7.55476e-05 0.000444051 1 -0.0546969 0.0549228 -0.0749521
FixedParameters: 0 0 0

#Transform 34
Transform: AffineTransform_float_3_3
Parameters: 1 0.000697217 -1.54952e-05 -0.000697212 0.999999 0.000166011 1.57267e-05 -0.000165989 1 -0.0297428 0.0354607 0.00701884
FixedParameters: 0 0 0

#Transform 35
Transform: AffineTransform_float_3_3
Parameters: 0.999999 0.00085239 -5.54064e-05 -0.000852356 0.999999 -0.000462953 5.56135e-05 0.000463047 1 -0.0515228 0.0676382 -0.0651411
FixedParameters: 0 0 0

#Transform 36
Transform: AffineTransform_float_3_3
Parameters: 0.999999 0.0008141 1.44948e-06 -0.000814015 0.999999 -2.20012e-05 -4.88957e-07 2.19996e-05 1 -0.0286154 0.0364247 -0.000775125
FixedParameters: 0 0 0

#Transform 37
Transform: AffineTransform_float_3_3
Parameters: 0.999999 0.000844093 3.46218e-05 -0.000844059 0.999999 -0.000483029 -3.54372e-05 0.00048297 1 -0.049819 0.0810652 -0.0485344
FixedParameters: 0 0 0

#Transform 38
Transform: AffineTransform_float_3_3
Parameters: 0.999999 0.000962621 -8.07366e-05 -0.000962658 0.999999 -0.000224922 8.03034e-05 0.000225077 1 -0.0317815 0.0158148 -0.0201248
FixedParameters: 0 0 0

#Transform 39
Transform: AffineTransform_float_3_3
Parameters: 1 0.00102022 0.000261331 -0.00102096 1 -0.00048336 -0.000262232 0.00048364 1 -0.0602656 0.0770438 -0.0494435
FixedParameters: 0 0 0

#Transform 40
Transform: AffineTransform_float_3_3
Parameters: 0.999999 0.00124016 0.000158056 -0.00123992 0.999999 -0.000483289 -0.000158259 0.000483712 1 -0.0449057 0.00763324 -0.0158779
FixedParameters: 0 0 0

#Transform 41
Transform: AffineTransform_float_3_3
Parameters: 0.999998 0.00157968 0.00031101 -0.00158011 0.999998 -0.000772584 -0.000312369 0.000772414 0.999999 -0.0666952 0.0814335 -0.0503147
FixedParameters: 0 0 0

#Transform 42
Transform: AffineTransform_float_3_3
Parameters: 0.999998 0.00158741 0.00040213 -0.00158793 0.999998 -0.000483731 -0.000402583 0.000483269 1 -0.0559503 0.0162764 -0.00292662
FixedParameters: 0 0 0

#Transform 43
Transform: AffineTransform_float_3_3
Parameters: 0.999999 0.00156398 0.000129838 -0.00156472 0.999998 -0.000676296 -0.000130872 0.000676703 0.999999 -0.0801144 0.0939497 -0.0380643
FixedParameters: 0 0 0

#Transform 44
Transform: AffineTransform_float_3_3
Parameters: 0.999999 0.00154918 -4.13252e-05 -0.00155014 0.999998 -0.000548021 4.07086e-05 0.000547978 1 -0.0501837 0.021212 -0.00600416
FixedParameters: 0 0 0

#Transform 45
Transform: AffineTransform_float_3_3
Parameters: 0.999998 0.0015703 0.000202296 -0.00157079 0.999999 -0.000848489 -0.000202882 0.000847512 0.999999 -0.0953909 0.0940058 -0.0370857
FixedParameters: 0 0 0

#Transform 46
Transform: AffineTransform_float_3_3
Parameters: 0.999998 0.00174329 0.000114793 -0.0017441 0.999999 -0.000417371 -0.000115165 0.00041663 1 -0.0769153 0.0164451 -0.015445
FixedParameters: 0 0 0

#Transform 47
Transform: AffineTransform_float_3_3
Parameters: 0.999999 0.00156399 0.000129714 -0.00156471 0.999998 -0.000755288 -0.000130994 0.00075471 0.999999 -0.0962993 0.0874658 -0.051224
FixedParameters: 0 0 0

#Transform 48
Transform: AffineTransform_float_3_3
Parameters: 0.999999 0.00180774 0.000258222 -0.00180765 0.999999 -0.000174645 -0.000258853 0.000174355 1 -0.0764372 0.00148068 -0.0180692
FixedParameters: 0 0 0

#Transform 49
Transform: AffineTransform_float_3_3
Parameters: 0.999999 0.00155949 7.83645e-05 -0.00156033 0.999998 -0.000462208 -7.87241e-05 0.000461792 1 -0.0926277 0.0676012 -0.0258808
FixedParameters: 0 0 0

#Transform 50
Transform: AffineTransform_float_3_3
Parameters: 0.999999 0.00150222 0.000135153 -0.00150194 0.999998 -0.000691296 -0.000136234 0.000691703 0.999999 -0.0805548 0.0105504 -0.0425723
FixedParameters: 0 0 0

#Transform 51
Transform: AffineTransform_float_3_3
Parameters: 0.999998 0.00162619 -3.28765e-05 -0.00162614 0.999998 -0.000525032 3.21654e-05 0.000524968 1 -0.0633879 0.0766758 0.0321276
FixedParameters: 0 0 0

#Transform 52
Transform: AffineTransform_float_3_3
Parameters: 0.999998 0.00163273 0.000123848 -0.00163247 0.999999 -0.000706381 -0.000125159 0.000706619 0.999999 -0.0875517 0.0754781 -0.0446142
FixedParameters: 0 0 0

#Transform 53
Transform: AffineTransform_float_3_3
Parameters: 0.999998 0.00172555 -7.94843e-05 -0.00172562 0.999999 -0.000465034 7.78795e-05 0.000464965 1 -0.0757073 0.0341459 0.00669768
FixedParameters: 0 0 0

#Transform 54
Transform: AffineTransform_float_3_3
Parameters: 0.999999 0.00156395 0.000130286 -0.00156476 0.999998 -0.000389289 -0.000130422 0.000388711 1 -0.082065 0.0962397 -0.0317114
FixedParameters: 0 0 0

#Transform 55
Transform: AffineTransform_float_3_3
Parameters: 0.999999 0.00175219 0.000114925 -0.00175222 0.999998 9.87136e-05 -0.000114578 -9.9286e-05 1 -0.0692416 0.0413216 0.0382364
FixedParameters: 0 0 0

#Transform 56
Transform: AffineTransform_float_3_3
Parameters: 0.999999 0.00151315 0.000134457 -0.00151392 0.999998 -0.000525289 -0.000134964 0.000524711 1 -0.0778617 0.103178 -0.061967
FixedParameters: 0 0 0

#Transform 57
Transform: AffineTransform_float_3_3
Parameters: 0.999999 0.00155528 2.94476e-05 -0.00155616 0.999998 -0.000525131 -2.99994e-05 0.000524869 1 -0.0496928 0.0428657 0.0195725
FixedParameters: 0 0 0

#Transform 58
Transform: AffineTransform_float_3_3
Parameters: 0.999999 0.00142354 0.000141685 -0.0014232 0.999998 -0.000881294 -0.000143198 0.000881704 0.999999 -0.0655921 0.0588148 -0.0445299
FixedParameters: 0 0 0

#Transform 59
Transform: AffineTransform_float_3_3
Parameters: 0.999999 0.00156391 0.00013071 -0.00156488 0.999999 -0.000118297 -0.000130996 0.000118703 1 -0.0444068 0.0421809 0.0195921
FixedParameters: 0 0 0

#Transform 60
Transform: AffineTransform_float_3_3
Parameters: 0.999999 0.00156396 0.000130074 -0.00156474 0.999998 -0.000525289 -0.000130635 0.000524711 1 -0.092637 0.0692721 -0.0381989
FixedParameters: 0 0 0

#Transform 61
Transform: AffineTransform_float_3_3
Parameters: 0.999999 0.00131083 0.000105045 -0.00131077 0.999999 -0.000287223 -0.000105797 0.000286776 1 -0.0530619 0.0217955 -0.0186768
FixedParameters: 0 0 0

#Transform 62
Transform: AffineTransform_float_3_3
Parameters: 0.999999 0.00126939 0.000219323 -0.00126937 0.999999 -4.13635e-05 -0.000219427 4.06364e-05 1 -0.0636002 0.0816586 -0.0427022
FixedParameters: 0 0 0

#Transform 63
Transform: AffineTransform_float_3_3
Parameters: 1 0.00111368 0.000323005 -0.00111365 1 -4.54522e-05 -0.000323106 4.55478e-05 1 -0.0453685 0.014664 -0.00426831
FixedParameters: 0 0 0

#Transform 64
Transform: AffineTransform_float_3_3
Parameters: 0.999999 0.00125284 6.04459e-05 -0.00125269 0.999999 -0.000612161 -6.09829e-05 0.000611839 1 -0.0743815 0.0880294 -0.0630839
FixedParameters: 0 0 0

#Transform 65
Transform: AffineTransform_float_3_3
Parameters: 1 0.00111367 0.000323037 -0.00111366 1 -1.64449e-05 -0.000323072 1.55551e-05 1 -0.02831 0.0383239 -0.0129301
FixedParameters: 0 0 0

#Transform 66
Transform: AffineTransform_float_3_3
Parameters: 1 0.00122095 -5.31252e-05 -0.00122092 0.999999 -0.000525021 5.28395e-05 0.00052498 1 -0.0785485 0.0799794 -0.0456761
FixedParameters: 0 0 0

#Transform 67
Transform: AffineTransform_float_3_3
Parameters: 0.999999 0.00125105 -0.000298916 -0.00125103 0.999999 2.92889e-05 0.000298988 -2.87111e-05 1 -0.0351493 0.0550547 0.0449037
FixedParameters: 0 0 0

#Transform 68
Transform: AffineTransform_float_3_3
Parameters: 1 0.0010785 -8.71431e-05 -0.00107853 0.999999 -0.000648991 8.67395e-05 0.000649009 1 -0.068219 0.0514134 -0.0219101
FixedParameters: 0 0 0

#Transform 69
Transform: AffineTransform_float_3_3
Parameters: 0.999999 0.00140036 -0.000581918 -0.00140041 0.999999 -0.000122263 0.000582571 0.000122738 1 -0.0471746 0.0749173 0.0914561
FixedParameters: 0 0 0

#Transform 70
Transform: AffineTransform_float_3_3
Parameters: 0.999999 0.00138439 -0.000113253 -0.0013844 0.999999 -0.000423929 0.000113075 0.000424072 1 -0.066415 0.0541926 -0.0161279
FixedParameters: 0 0 0

#Transform 71
Transform: AffineTransform_float_3_3
Parameters: 0.999999 0.00132069 -0.000106981 -0.00132065 0.999999 0.000165056 0.000107417 -0.000164943 1 -0.037704 0.0459943 0.0540074
FixedParameters: 0 0 0

#Transform 72
Transform: AffineTransform_float_3_3
Parameters: 1 0.00107853 -8.68357e-05 -0.00107851 1 -0.000363992 8.70469e-05 0.000364009 1 -0.0807091 0.0862677 -0.00236949
FixedParameters: 0 0 0

#Transform 73
Transform: AffineTransform_float_3_3
Parameters: 0.999999 0.00132369 -0.000107047 -0.00132363 0.999999 0.000309057 0.000107865 -0.000308943 1 -0.0531563 0.0687221 0.0895877
FixedParameters: 0 0 0

#Transform 74
Transform: AffineTransform_float_3_3
Parameters: 0.999999 0.00140646 0.00016733 -0.00140643 0.999999 -0.000105328 -0.000167627 0.000105672 1 -0.0835077 0.0963249 -0.00125079
FixedParameters: 0 0 0

#Transform 75
Transform: AffineTransform_float_3_3
Parameters: 0.999999 0.00134661 -0.00010895 -0.00134654 0.999999 0.000349062 0.00010989 -0.000348937 1 -0.0557582 0.0941285 0.1368
FixedParameters: 0 0 0

#Transform 76
Transform: AffineTransform_float_3_3
Parameters: 0.999999 0.00138116 1.33021e-05 -0.00138125 0.999999 0.000165897 -1.38399e-05 -0.000166104 1 -0.0748164 0.0990474 0.0255705
FixedParameters: 0 0 0

#Transform 77
Transform: AffineTransform_float_3_3
Parameters: 0.999999 0.00148413 -0.000120454 -0.00148401 0.999999 0.000508094 0.000121962 -0.000507904 1 -0.0462162 0.100646 0.135532
FixedParameters: 0 0 0

#Transform 78
Transform: AffineTransform_float_3_3
Parameters: 0.999999 0.00146372 -0.000276869 -0.00146365 0.999999 0.00011432 0.000277203 -0.000113679 1 -0.0851642 0.104943 0.0672439
FixedParameters: 0 0 0

#Transform 79
Transform: AffineTransform_float_3_3
Parameters: 0.999999 0.00152101 -0.000123417 -0.00152094 0.999998 0.000625103 0.000124322 -0.000624896 1 -0.0566329 0.110067 0.157276
FixedParameters: 0 0 0

#Transform 80
Transform: AffineTransform_float_3_3
Parameters: 0.999999 0.00135911 0.000284456 -0.00135941 0.999999 0.000381529 -0.000284414 -0.000382472 1 -0.075596 0.102761 0.0892189
FixedParameters: 0 0 0

#Transform 81
Transform: AffineTransform_float_3_3
Parameters: 0.999999 0.00145504 -0.000226765 -0.0014548 0.999998 0.000918245 0.000227444 -0.000917754 0.999999 -0.0589615 0.154548 0.214542
FixedParameters: 0 0 0

#Transform 82
Transform: AffineTransform_float_3_3
Parameters: 0.999999 0.00181593 -0.000148731 -0.00181586 0.999998 0.000507101 0.000149576 -0.000506899 1 -0.0724576 0.100351 0.167339
FixedParameters: 0 0 0

#Transform 83
Transform: AffineTransform_float_3_3
Parameters: 0.999999 0.00174626 -0.000141801 -0.00174613 0.999998 0.00107216 0.000143552 -0.00107184 1 -0.0805678 0.145733 0.207394
FixedParameters: 0 0 0

#Transform 84
Transform: AffineTransform_float_3_3
Parameters: 0.999999 0.00171872 -0.000488667 -0.00171829 0.999999 0.00052867 0.000489486 -0.00052733 0.999999 -0.101044 0.137949 0.156723
FixedParameters: 0 0 0

#Transform 85
Transform: AffineTransform_float_3_3
Parameters: 0.999999 0.00172557 -0.000542639 -0.00172514 0.999998 0.00155077 0.000545084 -0.00154923 0.999998 -0.0574767 0.159446 0.265402
FixedParameters: 0 0 0

#Transform 86
Transform: AffineTransform_float_3_3
Parameters: 0.999999 0.00180397 -0.000491801 -0.00180402 0.999997 0.0011348 0.000493985 -0.0011332 0.999999 -0.098251 0.149277 0.187039
FixedParameters: 0 0 0

#Transform 87
Transform: AffineTransform_float_3_3
Parameters: 0.999998 0.00200943 -0.000652501 -0.00200844 0.999997 0.00171315 0.000656478 -0.00171185 0.999999 -0.0567882 0.155105 0.265245
FixedParameters: 0 0 0

#Transform 88
Transform: AffineTransform_float_3_3
Parameters: 0.999998 0.00166362 -0.000396071 -0.00166263 0.999998 0.0014655 0.000398953 -0.0014655 0.999999 -0.0728463 0.143854 0.168546
FixedParameters: 0 0 0

#Transform 89
Transform: AffineTransform_float_3_3
Parameters: 1 0.00109168 6.98605e-05 -0.00109109 0.999998 0.00171284 -6.81995e-05 -0.00171316 0.999998 -0.028224 0.157839 0.219693
FixedParameters: 0 0 0

#Transform 90
Transform: AffineTransform_float_3_3
Parameters: 1 0.0010808 -5.9561e-05 -0.00107976 0.999997 0.00182607 6.1428e-05 -0.00182593 0.999999 -0.0607925 0.139759 0.191589
FixedParameters: 0 0 0

#Transform 91
Transform: AffineTransform_float_3_3
Parameters: 1 0.00107178 -0.000167604 -0.00107115 0.999996 0.00236318 0.000170675 -0.00236282 0.999997 -0.0444613 0.182462 0.265419
FixedParameters: 0 0 0

#Transform 92
Transform: AffineTransform_float_3_3
Parameters: 0.999999 0.00136882 -8.33004e-05 -0.00136871 0.999997 0.00213303 8.61505e-05 -0.00213297 0.999997 -0.0812969 0.140429 0.209327
FixedParameters: 0 0 0

#Transform 93
Transform: AffineTransform_float_3_3
Parameters: 0.999999 0.00125391 9.11363e-05 -0.00125458 0.999997 0.0023418 -8.82504e-05 -0.0023422 0.999998 -0.0397341 0.19942 0.298619
FixedParameters: 0 0 0

#Transform 94
Transform: AffineTransform_float_3_3
Parameters: 0.999998 0.00163389 -0.000105542 -0.0016337 0.999996 0.00208009 0.00010935 -0.00207991 0.999998 -0.0961316 0.18193 0.227442
FixedParameters: 0 0 0

#Transform 95
Transform: AffineTransform_float_3_3
Parameters: 0.999998 0.00179953 0.000751307 -0.00180158 0.999996 0.00246847 -0.00074657 -0.00247053 0.999996 -0.069998 0.189337 0.309567
FixedParameters: 0 0 0

#Transform 96
Transform: AffineTransform_float_3_3
Parameters: 1 0.000739202 0.000781731 -0.000739658 0.999998 0.0015125 -0.000780662 -0.0015125 0.999999 -0.0572704 0.18303 0.260782
FixedParameters: 0 0 0

#Transform 97
Transform: AffineTransform_float_3_3
Parameters: 0.999999 0.000972965 0.000819479 -0.00097395 0.999998 0.0017672 -0.000817205 -0.0017678 0.999998 -0.0549845 0.20837 0.313481
FixedParameters: 0 0 0

#Transform 98
Transform: AffineTransform_float_3_3
Parameters: 0.999999 0.0015018 0.000887008 -0.00150352 0.999998 0.00143858 -0.00088476 -0.00144042 0.999998 -0.0821196 0.149646 0.262325
FixedParameters: 0 0 0

#Transform 99
Transform: AffineTransform_float_3_3
Parameters: 1 0.000976994 0.000689856 -0.00097877 0.999997 0.00195132 -0.000687121 -0.00195168 0.999998 -0.0449672 0.202623 0.318538
FixedParameters: 0 0 0

#Transform 100
Transform: AffineTransform_float_3_3
Parameters: 0.999999 0.00122586 0.000163588 -0.00122675 0.999997 0.00223479 -0.0001601 -0.00223421 0.999998 -0.0724547 0.175369 0.257041
FixedParameters: 0 0 0

#Transform 101
Transform: AffineTransform_float_3_3
Parameters: 0.999998 0.00167289 0.000273355 -0.00167281 0.999997 0.00136846 -0.000270853 -0.00136954 0.999999 -0.0686937 0.215783 0.246081
FixedParameters: 0 0 0

#Transform 102
Transform: AffineTransform_float_3_3
Parameters: 0.999998 0.00204674 0.000136076 -0.00204723 0.999997 0.00118555 -0.000133215 -0.00118545 1 -0.0775694 0.111335 0.234846
FixedParameters: 0 0 0

#Transform 103
Transform: AffineTransform_float_3_3
Parameters: 0.999999 0.00149403 -3.87402e-05 -0.0014941 0.999998 0.00135197 4.07874e-05 -0.00135203 0.999999 -0.0940437 0.206673 0.222593
FixedParameters: 0 0 0

#Transform 104
Transform: AffineTransform_float_3_3
Parameters: 0.999997 0.00240227 -0.000109421 -0.00240222 0.999995 0.00173701 0.000113781 -0.00173699 0.999998 -0.104733 0.138659 0.286278
FixedParameters: 0 0 0

#Transform 105
Transform: AffineTransform_float_3_3
Parameters: 0.999997 0.00241348 -0.000202919 -0.00241315 0.999995 0.00164124 0.000206855 -0.00164076 0.999998 -0.162389 0.202905 0.233507
FixedParameters: 0 0 0

#Transform 106
Transform: AffineTransform_float_3_3
Parameters: 0.999997 0.00265341 2.48905e-05 -0.00265291 0.999995 0.00168259 -2.10297e-05 -0.00168241 0.999998 -0.133891 0.136719 0.319259
FixedParameters: 0 0 0

#Transform 107
Transform: AffineTransform_float_3_3
Parameters: 0.999997 0.00238533 -0.000632465 -0.00238379 0.999996 0.00147926 0.000635531 -0.00147774 0.999999 -0.175844 0.191006 0.216732
FixedParameters: 0 0 0

#Transform 108
Transform: AffineTransform_float_3_3
Parameters: 0.999996 0.00284112 -0.000237126 -0.00284055 0.999994 0.00225234 0.000243943 -0.00225166 0.999998 -0.142615 0.167694 0.326538
FixedParameters: 0 0 0

#Transform 109
Transform: AffineTransform_float_3_3
Parameters: 0.999997 0.00250789 -0.00100165 -0.00250595 0.999996 0.00163628 0.00100595 -0.00163372 0.999999 -0.175223 0.214272 0.2616
FixedParameters: 0 0 0

#Transform 110
Transform: AffineTransform_float_3_3
Parameters: 0.999995 0.00270115 -0.00123379 -0.00269815 0.999992 0.00266411 0.00124145 -0.00266089 0.999996 -0.138835 0.1822 0.355565
FixedParameters: 0 0 0

#Transform 111
Transform: AffineTransform_float_3_3
Parameters: 0.999995 0.00286249 -0.00130116 -0.00285963 0.999994 0.00206141 0.00130714 -0.00205759 0.999997 -0.185804 0.241401 0.313648
FixedParameters: 0 0 0

#Transform 112
Transform: AffineTransform_float_3_3
Parameters: 0.999994 0.00302339 -0.00126217 -0.00302046 0.999993 0.00214651 0.00126933 -0.00214249 0.999997 -0.137862 0.196025 0.397489
FixedParameters: 0 0 0

#Transform 113
Transform: AffineTransform_float_3_3
Parameters: 0.999996 0.00285022 -0.000997268 -0.00284894 0.999995 0.00131252 0.00100084 -0.00130948 0.999998 -0.137565 0.226155 0.321601
FixedParameters: 0 0 0

#Transform 114
Transform: AffineTransform_float_3_3
Parameters: 0.999995 0.00271049 -0.00123826 -0.0027084 0.999996 0.00135204 0.00124267 -0.00134896 0.999998 -0.106486 0.15196 0.355047
FixedParameters: 0 0 0

#Transform 115
Transform: AffineTransform_float_3_3
Parameters: 0.999996 0.00270832 -0.0012513 -0.00270636 0.999996 0.00128707 0.00125536 -0.00128293 0.999998 -0.128309 0.232272 0.30219
FixedParameters: 0 0 0

#Transform 116
Transform: AffineTransform_float_3_3
Parameters: 0.999996 0.00294644 -0.000678027 -0.0029459 0.999994 0.00137967 0.00068225 -0.00137733 0.999999 -0.107022 0.163514 0.342118
FixedParameters: 0 0 0

#Transform 117
Transform: AffineTransform_float_3_3
Parameters: 0.999996 0.00268196 -0.000933108 -0.00268091 0.999996 0.00123218 0.000936807 -0.00122982 0.999999 -0.13592 0.208665 0.298026
FixedParameters: 0 0 0

#Transform 118
Transform: AffineTransform_float_3_3
Parameters: 0.999995 0.00287615 -0.000690248 -0.00287462 0.999995 0.00135066 0.000694026 -0.00134934 0.999999 -0.117847 0.154963 0.283579
FixedParameters: 0 0 0

#Transform 119
Transform: AffineTransform_float_3_3
Parameters: 0.999995 0.00283282 -0.000906386 -0.00283172 0.999995 0.00134525 0.0009101 -0.00134275 0.999999 -0.145675 0.233837 0.280155
FixedParameters: 0 0 0

#Transform 120
Transform: AffineTransform_float_3_3
Parameters: 0.999994 0.00323106 -0.00130926 -0.00322955 0.999994 0.00105583 0.00131317 -0.00105117 0.999998 -0.116706 0.135365 0.337068
FixedParameters: 0 0 0

#Transform 121
Transform: AffineTransform_float_3_3
Parameters: 0.999994 0.0031061 -0.00103151 -0.00310512 0.999995 0.0011238 0.00103458 -0.0011202 0.999999 -0.161969 0.183145 0.231737
FixedParameters: 0 0 0

#Transform 122
Transform: AffineTransform_float_3_3
Parameters: 0.999995 0.00306903 -0.000736895 -0.0030681 0.999994 0.00158586 0.000741726 -0.00158414 0.999998 -0.118588 0.172737 0.315251
FixedParameters: 0 0 0

#Transform 123
Transform: AffineTransform_float_3_3
Parameters: 0.999996 0.00289441 -0.000875527 -0.00289294 0.999995 0.000983212 0.000878221 -0.000980789 0.999999 -0.159999 0.185233 0.233782
FixedParameters: 0 0 0

#Transform 124
Transform: AffineTransform_float_3_3
Parameters: 0.999995 0.0031924 -0.000954243 -0.00319043 0.999993 0.00181964 0.000959954 -0.00181636 0.999998 -0.140586 0.189911 0.311254
FixedParameters: 0 0 0

#Transform 125
Transform: AffineTransform_float_3_3
Parameters: 0.999994 0.00332005 -0.000910964 -0.00331826 0.999993 0.00116963 0.000914735 -0.00116737 0.999999 -0.171659 0.173893 0.275884
FixedParameters: 0 0 0

#Transform 126
Transform: AffineTransform_float_3_3
Parameters: 0.999994 0.00340434 -0.000720096 -0.00340421 0.999993 0.000964039 0.000723746 -0.00096096 1 -0.133266 0.193252 0.374689
FixedParameters: 0 0 0

#Transform 127
Transform: AffineTransform_float_3_3
Parameters: 0.999994 0.00353795 -0.00093065 -0.00353768 0.999994 0.000820802 0.000933542 -0.000817199 1 -0.166779 0.185225 0.292074
FixedParameters: 0 0 0

#Transform 128
Transform: AffineTransform_float_3_3
Parameters: 0.999993 0.00357274 -0.000497524 -0.00357212 0.999993 0.000963195 0.000500416 -0.000961806 0.999999 -0.143043 0.212411 0.372358
FixedParameters: 0 0 0

#Transform 129
Transform: AffineTransform_float_3_3
Parameters: 0.999993 0.00377526 -0.00105589 -0.00377363 0.999993 0.000896418 0.00105965 -0.000892581 0.999999 -0.176437 0.144714 0.315014
FixedParameters: 0 0 0

#Transform 130
Transform: AffineTransform_float_3_3
Parameters: 0.999991 0.00401042 -0.00154753 -0.0040079 0.999991 0.00162157 0.0015547 -0.00161542 0.999997 -0.188374 0.230132 0.391814
FixedParameters: 0 0 0

#Transform 131
Transform: AffineTransform_float_3_3
Parameters: 0.999991 0.00410368 -0.00109345 -0.004102 0.999991 0.00145275 0.00109946 -0.00144825 0.999998 -0.207729 0.173964 0.315892
FixedParameters: 0 0 0

#Transform 132
Transform: AffineTransform_float_3_3
Parameters: 0.999992 0.0037335 -0.001346 -0.0037312 0.999992 0.00178147 0.00135348 -0.00177653 0.999997 -0.22367 0.213393 0.278621
FixedParameters: 0 0 0

#Transform 133
Transform: AffineTransform_float_3_3
Parameters: 0.999993 0.00329582 -0.0013114 -0.00329275 0.999993 0.00174193 0.00131698 -0.00173807 0.999998 -0.184594 0.147654 0.270501
FixedParameters: 0 0 0

#Transform 134
Transform: AffineTransform_float_3_3
Parameters: 0.999994 0.00310546 -0.00161434 -0.00310306 0.999994 0.00149371 0.00161879 -0.00148929 0.999998 -0.168554 0.209441 0.266102
FixedParameters: 0 0 0

#Transform 135
Transform: AffineTransform_float_3_3
Parameters: 0.999994 0.0028159 -0.0017988 -0.002813 0.999995 0.00145685 0.00180317 -0.00145215 0.999997 -0.131083 0.127358 0.289348
FixedParameters: 0 0 0

#Transform 136
Transform: AffineTransform_float_3_3
Parameters: 0.999993 0.00305867 -0.0018199 -0.00305644 0.999995 0.00125527 0.00182375 -0.00124973 0.999998 -0.169555 0.219902 0.295781
FixedParameters: 0 0 0

#Transform 137
Transform: AffineTransform_float_3_3
Parameters: 0.999993 0.00320643 -0.00183187 -0.00320361 0.999994 0.00140949 0.00183707 -0.00140351 0.999997 -0.118969 0.139367 0.342792
FixedParameters: 0 0 0

#Transform 138
Transform: AffineTransform_float_3_3
Parameters: 0.999993 0.00303678 -0.00217018 -0.00303324 0.999994 0.00160438 0.00217518 -0.00159762 0.999996 -0.163243 0.231787 0.344201
FixedParameters: 0 0 0

#Transform 139
Transform: AffineTransform_float_3_3
Parameters: 0.999992 0.0035311 -0.00222536 -0.00352915 0.999994 0.00118849 0.00222999 -0.00118051 0.999997 -0.177262 0.162088 0.329701
FixedParameters: 0 0 0

#Transform 140
Transform: AffineTransform_float_3_3
Parameters: 0.99999 0.00384615 -0.00236328 -0.00384275 0.999991 0.00146464 0.00236878 -0.00145536 0.999996 -0.199093 0.222046 0.374101
FixedParameters: 0 0 0

#Transform 141
Transform: AffineTransform_float_3_3
Parameters: 0.999991 0.00353219 -0.00209132 -0.00352885 0.999992 0.00163602 0.00209712 -0.00162898 0.999997 -0.211091 0.186194 0.355636
FixedParameters: 0 0 0

#Transform 142
Transform: AffineTransform_float_3_3
Parameters: 0.999989 0.00390324 -0.0023925 -0.00389995 0.999991 0.00162881 0.00239954 -0.00161919 0.999995 -0.238393 0.2505 0.406826
FixedParameters: 0 0 0

#Transform 143
Transform: AffineTransform_float_3_3
Parameters: 0.999993 0.00303371 -0.00249096 -0.00302713 0.999991 0.00287345 0.00249999 -0.00286655 0.999993 -0.233187 0.211756 0.400219
FixedParameters: 0 0 0

#Transform 144
Transform: AffineTransform_float_3_3
Parameters: 0.999991 0.00325745 -0.00274697 -0.00325154 0.999992 0.00210776 0.00275311 -0.00209924 0.999994 -0.270195 0.282743 0.384891
FixedParameters: 0 0 0

#Transform 145
Transform: AffineTransform_float_3_3
Parameters: 0.999991 0.00324123 -0.00248867 -0.0032346 0.999992 0.00270378 0.0024967 -0.00269522 0.999993 -0.274236 0.212282 0.39305
FixedParameters: 0 0 0

#Transform 146
Transform: AffineTransform_float_3_3
Parameters: 0.999992 0.00296442 -0.00276819 -0.0029599 0.999994 0.00161609 0.0027731 -0.0016079 0.999994 -0.296278 0.25351 0.325466
FixedParameters: 0 0 0

#Transform 147
Transform: AffineTransform_float_3_3
Parameters: 0.999992 0.00290141 -0.00294868 -0.00289334 0.999992 0.00284954 0.00295688 -0.00284147 0.999992 -0.244919 0.234402 0.461349
FixedParameters: 0 0 0

#Transform 148
Transform: AffineTransform_float_3_3
Parameters: 0.999991 0.00325039 -0.0027055 -0.00324352 0.999992 0.0023186 0.00271299 -0.0023094 0.999994 -0.248569 0.202558 0.434955
FixedParameters: 0 0 0

#Transform 149
Transform: AffineTransform_float_3_3
Parameters: 0.999994 0.00286316 -0.0022356 -0.00285725 0.999993 0.00234828 0.00224238 -0.00234172 0.999995 -0.2137 0.258959 0.485083
FixedParameters: 0 0 0

#Transform 150
Transform: AffineTransform_float_3_3
Parameters: 0.999994 0.00270435 -0.00224243 -0.00269987 0.999994 0.00200194 0.00224759 -0.00199606 0.999995 -0.250751 0.233564 0.395772
FixedParameters: 0 0 0

#Transform 151
Transform: AffineTransform_float_3_3
Parameters: 0.999994 0.00227533 -0.00268943 -0.00226833 0.999994 0.00270916 0.00269535 -0.00270284 0.999993 -0.212275 0.277099 0.48034
FixedParameters: 0 0 0

#Transform 152
Transform: AffineTransform_float_3_3
Parameters: 0.999993 0.00260022 -0.00248956 -0.00259397 0.999994 0.00237435 0.00249533 -0.00236865 0.999994 -0.247678 0.215022 0.395048
FixedParameters: 0 0 0

#Transform 153
Transform: AffineTransform_float_3_3
Parameters: 0.999993 0.00256407 -0.00253684 -0.00255773 0.999994 0.00233238 0.00254321 -0.00232562 0.999994 -0.242311 0.264545 0.44051
FixedParameters: 0 0 0

#Transform 154
Transform: AffineTransform_float_3_3
Parameters: 0.999993 0.002511 -0.00253268 -0.00250518 0.999994 0.00223432 0.00253832 -0.00222867 0.999994 -0.253075 0.209234 0.404896
FixedParameters: 0 0 0

#Transform 155
Transform: AffineTransform_float_3_3
Parameters: 0.999994 0.00222951 -0.00291072 -0.00222199 0.999994 0.00257862 0.00291681 -0.00257238 0.999992 -0.264973 0.259397 0.415125
FixedParameters: 0 0 0

#Transform 156
Transform: AffineTransform_float_3_3
Parameters: 0.999993 0.00199924 -0.00294562 -0.00198961 0.999993 0.0030891 0.00295164 -0.0030839 0.999991 -0.267923 0.210756 0.41035
FixedParameters: 0 0 0

#Transform 157
Transform: AffineTransform_float_3_3
Parameters: 0.999993 0.00158079 -0.00321538 -0.00156902 0.999993 0.00347137 0.00322019 -0.00346663 0.999989 -0.281074 0.28817 0.415691
FixedParameters: 0 0 0

#Transform 158
Transform: AffineTransform_float_3_3
Parameters: 0.999994 0.00200849 -0.00302526 -0.00199767 0.999991 0.00371128 0.00303308 -0.00370472 0.999989 -0.27294 0.205015 0.470183
FixedParameters: 0 0 0

#Transform 159
Transform: AffineTransform_float_3_3
Parameters: 0.999994 0.00205298 -0.0029755 -0.00204103 0.999991 0.00380923 0.00298297 -0.00380277 0.999988 -0.252284 0.276924 0.457768
FixedParameters: 0 0 0

#Transform 160
Transform: AffineTransform_float_3_3
Parameters: 0.999992 0.00237066 -0.00338164 -0.00236028 0.999992 0.00310924 0.00338921 -0.00310076 0.99999 -0.272957 0.252292 0.457685
FixedParameters: 0 0 0

#Transform 161
Transform: AffineTransform_float_3_3
Parameters: 0.99999 0.00243927 -0.0037303 -0.00242339 0.999988 0.00426832 0.00374035 -0.00425868 0.999984 -0.278013 0.299108 0.527693
FixedParameters: 0 0 0

#Transform 162
Transform: AffineTransform_float_3_3
Parameters: 0.999991 0.0026183 -0.00349757 -0.0026023 0.999987 0.00443729 0.00350896 -0.0044277 0.999984 -0.306739 0.244973 0.464417
FixedParameters: 0 0 0

#Transform 163
Transform: AffineTransform_float_3_3
Parameters: 0.999989 0.00246551 -0.00401327 -0.00244795 0.999988 0.00430121 0.00402379 -0.00429179 0.999982 -0.316558 0.301564 0.539824
FixedParameters: 0 0 0

#Transform 164
Transform: AffineTransform_float_3_3
Parameters: 0.999988 0.00255237 -0.00402475 -0.00254 0.999992 0.00311959 0.00403267 -0.00310941 0.999987 -0.317071 0.261823 0.487524
FixedParameters: 0 0 0

#Transform 165
Transform: AffineTransform_float_3_3
Parameters: 0.999989 0.00253976 -0.00388161 -0.00252264 0.999988 0.00439008 0.00389322 -0.00437992 0.999982 -0.311677 0.325606 0.572617
FixedParameters: 0 0 0

#Transform 166
Transform: AffineTransform_float_3_3
Parameters: 0.999989 0.00254076 -0.00388264 -0.00252355 0.999987 0.00441009 0.00389336 -0.00439991 0.999982 -0.312105 0.247732 0.510707
FixedParameters: 0 0 0

#Transform 167
Transform: AffineTransform_float_3_3
Parameters: 0.999988 0.00255184 -0.00433143 -0.00253383 0.999987 0.00426654 0.00434268 -0.00425546 0.999982 -0.315799 0.332949 0.563378
FixedParameters: 0 0 0

#Transform 168
Transform: AffineTransform_float_3_3
Parameters: 0.99999 0.00245798 -0.00378042 -0.00244122 0.999987 0.00447052 0.00379072 -0.00446148 0.999983 -0.309932 0.274797 0.52053
FixedParameters: 0 0 0

#Transform 169
Transform: AffineTransform_float_3_3
Parameters: 0.99999 0.00239758 -0.0037738 -0.00237916 0.999984 0.00510427 0.00378584 -0.00509573 0.99998 -0.309831 0.321622 0.557457
FixedParameters: 0 0 0

#Transform 170
Transform: AffineTransform_float_3_3
Parameters: 0.999989 0.0024797 -0.00383413 -0.00246351 0.999989 0.00419273 0.00384416 -0.00418327 0.999984 -0.300661 0.291221 0.539029
FixedParameters: 0 0 0

#Transform 171
Transform: AffineTransform_float_3_3
Parameters: 0.999991 0.00217712 -0.00369518 -0.00215744 0.999984 0.00537026 0.00370711 -0.00536274 0.999978 -0.28698 0.367927 0.579643
FixedParameters: 0 0 0

#Transform 172
Transform: AffineTransform_float_3_3
Parameters: 0.999991 0.00202973 -0.00374294 -0.00200872 0.999983 0.00562489 0.0037534 -0.00561712 0.999977 -0.288486 0.265334 0.546325
FixedParameters: 0 0 0

#Transform 173
Transform: AffineTransform_float_3_3
Parameters: 0.999989 0.00196399 -0.00420305 -0.0019403 0.999982 0.00567371 0.0042142 -0.00566529 0.999975 -0.308982 0.33685 0.541976
FixedParameters: 0 0 0

#Transform 174
Transform: AffineTransform_float_3_3
Parameters: 0.999989 0.00142317 -0.00447358 -0.00139717 0.999982 0.00578404 0.00448205 -0.00577695 0.999973 -0.32541 0.282569 0.497092
FixedParameters: 0 0 0

#Transform 175
Transform: AffineTransform_float_3_3
Parameters: 0.999991 0.00167796 -0.00371525 -0.0016588 0.999984 0.00538268 0.00372395 -0.00537632 0.999979 -0.300999 0.362111 0.510895
FixedParameters: 0 0 0

#Transform 176
Transform: AffineTransform_float_3_3
Parameters: 0.999992 0.00156506 -0.00370732 -0.00154735 0.999987 0.00477425 0.00371466 -0.00476776 0.999982 -0.259598 0.29936 0.513975
FixedParameters: 0 0 0

#Transform 177
Transform: AffineTransform_float_3_3
Parameters: 0.999995 0.00123005 -0.00314073 -0.00121796 0.999992 0.00390813 0.00314534 -0.00390387 0.999987 -0.209175 0.318604 0.463032
FixedParameters: 0 0 0

#Transform 178
Transform: AffineTransform_float_3_3
Parameters: 0.999995 0.00162254 -0.00295508 -0.00161088 0.999991 0.00392707 0.00296174 -0.00392192 0.999988 -0.187644 0.215008 0.442124
FixedParameters: 0 0 0

#Transform 179
Transform: AffineTransform_float_3_3
Parameters: 0.999993 0.0021244 -0.00328197 -0.00211273 0.999991 0.00355018 0.00328997 -0.00354282 0.999988 -0.215576 0.301246 0.458523
FixedParameters: 0 0 0

#Transform 180
Transform: AffineTransform_float_3_3
Parameters: 0.999993 0.0021414 -0.00308204 -0.00213106 0.999992 0.00340373 0.00308945 -0.00339727 0.99999 -0.207266 0.195782 0.431579
FixedParameters: 0 0 0

#Transform 181
Transform: AffineTransform_float_3_3
Parameters: 0.999991 0.00241986 -0.00327872 -0.00241007 0.999993 0.00296607 0.00328583 -0.00295793 0.99999 -0.227064 0.278487 0.430467
FixedParameters: 0 0 0

#Transform 182
Transform: AffineTransform_float_3_3
Parameters: 0.999991 0.00258789 -0.00332646 -0.0025759 0.999991 0.00341575 0.00333596 -0.00340725 0.999989 -0.221621 0.203212 0.440143
FixedParameters: 0 0 0

#Transform 183
Transform: AffineTransform_float_3_3
Parameters: 0.99999 0.00294745 -0.00334979 -0.00293698 0.99999 0.00317794 0.00335936 -0.00316806 0.99999 -0.253694 0.289302 0.442517
FixedParameters: 0 0 0

#Transform 184
Transform: AffineTransform_float_3_3
Parameters: 0.999991 0.00270492 -0.0034868 -0.00269338 0.999991 0.00334958 0.00349583 -0.00334042 0.999988 -0.220843 0.207854 0.457169
FixedParameters: 0 0 0

#Transform 185
Transform: AffineTransform_float_3_3
Parameters: 0.999988 0.0030971 -0.00391894 -0.00308733 0.999992 0.00261931 0.00392699 -0.00260769 0.999989 -0.271767 0.262918 0.404199
FixedParameters: 0 0 0

#Transform 186
Transform: AffineTransform_float_3_3
Parameters: 0.999988 0.00337022 -0.00353827 -0.00335797 0.999989 0.00343684 0.00354934 -0.00342516 0.999988 -0.240164 0.253498 0.485715
FixedParameters: 0 0 0

#Transform 187
Transform: AffineTransform_float_3_3
Parameters: 0.999987 0.00378231 -0.00343591 -0.00377242 0.999988 0.00289384 0.00344654 -0.00288116 0.99999 -0.270038 0.229046 0.431602
FixedParameters: 0 0 0

#Transform 188
Transform: AffineTransform_float_3_3
Parameters: 0.999985 0.00380244 -0.00398135 -0.00379023 0.999989 0.00291707 0.00399234 -0.00290193 0.999988 -0.274135 0.290014 0.484942
FixedParameters: 0 0 0

#Transform 189
Transform: AffineTransform_float_3_3
Parameters: 0.999983 0.0040806 -0.00399767 -0.00406813 0.999987 0.00307217 0.00401063 -0.00305582 0.999987 -0.293563 0.196351 0.473916
FixedParameters: 0 0 0

#Transform 190
Transform: AffineTransform_float_3_3
