#Insight Transform File V1.0
#Transform 0
Transform: AffineTransform_float_3_3
Parameters: 1 0 0 0 1 -1.63949e-17 0 -1.29721e-17 1 0 -1.42109e-14 0
FixedParameters: 0 0 0

#Transform 1
Transform: AffineTransform_float_3_3
Parameters: 1 0.000307842 -0.000408163 -0.00030766 1 -0.00110187 0.000408396 0.00110113 1 -0.0235037 0.0266792 -0.035487
FixedParameters: 0 0 0

#Transform 2
Transform: AffineTransform_float_3_3
Parameters: 1 2.30601e-06 2.69013e-05 -2.3065e-06 1 8.99994e-06 -2.69013e-05 -9.00006e-06 1 0.0262295 -0.0189862 0.00208065
FixedParameters: 0 0 0

#Transform 3
Transform: AffineTransform_float_3_3
Parameters: 1 0.000213499 -0.000177105 -0.000212846 0.999999 -0.000972961 0.000176605 0.000973037 0.999999 0.00339133 0.00407205 -0.0702021
FixedParameters: 0 0 0

#Transform 4
Transform: AffineTransform_float_3_3
Parameters: 1 -1.18216e-05 -0.000137493 1.17534e-05 1 -0.000248002 0.000137499 0.000247998 1 0.0390103 -0.0384111 -0.0234102
FixedParameters: 0 0 0

#Transform 5
Transform: AffineTransform_float_3_3
Parameters: 1 6.2376e-05 0.000118077 -6.22565e-05 1 -0.000506007 -0.00011814 0.000505993 1 0.0641277 0.0141648 -0.0593227
FixedParameters: 0 0 0

#Transform 6
Transform: AffineTransform_float_3_3
Parameters: 1 1.17474e-05 0.000136495 -1.16568e-05 1 -0.000332002 -0.000136503 0.000331998 1 0.040532 0.0199731 -0.0359071
FixedParameters: 0 0 0

#Transform 7
Transform: AffineTransform_float_3_3
Parameters: 1 0.000106624 0.000248808 -0.000106659 1 6.89735e-05 -0.000248793 -6.90265e-05 1 0.0498297 0.0317905 -0.00786431
FixedParameters: 0 0 0

#Transform 8
Transform: AffineTransform_float_3_3
Parameters: 1 4.24632e-05 0.000492171 -4.19287e-05 1 -0.00054302 -0.000492217 0.000542979 0.999999 0.0274731 -0.00436363 -0.0682498
FixedParameters: 0 0 0

#Transform 9
Transform: AffineTransform_float_3_3
Parameters: 1 7.00705e-05 0.000126472 -7.00483e-05 1 -8.80089e-05 -0.000126484 8.79911e-05 1 0.0464252 0.0329782 -0.0491804
FixedParameters: 0 0 0

#Transform 10
Transform: AffineTransform_float_3_3
Parameters: 1 0.000247504 0.000367064 -0.000247037 1 -0.00063509 -0.000367378 0.000634909 0.999999 0.0540466 -0.007093 -0.150243
FixedParameters: 0 0 0

#Transform 11
Transform: AffineTransform_float_3_3
Parameters: 0.999999 0.000592629 0.000509277 -0.000592697 1 6.66982e-05 -0.000509198 -6.73018e-05 1 0.0852071 0.0278484 -0.0933283
FixedParameters: 0 0 0

#Transform 12
Transform: AffineTransform_float_3_3
Parameters: 0.999999 0.000836445 0.000249202 -0.000836285 0.999999 -0.000322208 -0.000249741 0.000321791 1 0.0613339 0.0139532 -0.155179
FixedParameters: 0 0 0

#Transform 13
Transform: AffineTransform_float_3_3
Parameters: 0.999999 0.000754615 0.000588097 -0.00075538 0.999999 0.000577556 -0.000588221 -0.000578444 0.999999 0.0923927 0.00125328 -0.114137
FixedParameters: 0 0 0

#Transform 14
Transform: AffineTransform_float_3_3
Parameters: 0.999999 0.000840289 0.000491712 -0.000839821 0.999999 -0.000389413 -0.000491369 0.000388587 1 0.082247 -0.0123465 -0.183384
FixedParameters: 0 0 0

#Transform 15
Transform: AffineTransform_float_3_3
Parameters: 1 0.000814653 0.000582654 -0.00081482 0.999999 0.000143518 -0.00058242 -0.000143482 1 0.130403 -0.0058512 -0.150382
FixedParameters: 0 0 0

#Transform 16
Transform: AffineTransform_float_3_3
Parameters: 1 0.000802882 0.000583422 -0.000802678 0.999999 -0.000174476 -0.000583702 0.000174524 1 0.117869 0.0235634 -0.181334
FixedParameters: 0 0 0

#Transform 17
Transform: AffineTransform_float_3_3
Parameters: 0.999999 0.000928148 0.00115026 -0.000928167 0.999999 0.000404011 -0.00115059 -0.00040499 0.999999 0.126635 -0.0331087 -0.141363
FixedParameters: 0 0 0

#Transform 18
Transform: AffineTransform_float_3_3
Parameters: 0.999999 0.00102051 0.000685004 -0.00102095 1 -0.000345792 -0.000684627 0.000345209 0.999999 0.1162 0.000611824 -0.209969
FixedParameters: 0 0 0

#Transform 19
Transform: AffineTransform_float_3_3
Parameters: 0.999999 0.000907763 0.000890227 -0.000907865 1 0.000616193 -0.000889192 -0.000617808 1 0.140559 -0.00892704 -0.178695
FixedParameters: 0 0 0

#Transform 20
Transform: AffineTransform_float_3_3
Parameters: 0.999999 0.00111918 0.00101582 -0.00111859 0.999999 -0.000287059 -0.00101646 0.00028594 1 0.139283 0.0380991 -0.226416
FixedParameters: 0 0 0

#Transform 21
Transform: AffineTransform_float_3_3
Parameters: 0.999999 0.000942318 0.00122232 -0.000943405 0.999999 0.000408925 -0.00122254 -0.000410075 0.999999 0.141171 -0.0253867 -0.146045
FixedParameters: 0 0 0

#Transform 22
Transform: AffineTransform_float_3_3
Parameters: 0.999999 0.00113026 0.00105097 -0.0011296 1 -0.000313195 -0.00105168 0.000311805 1 0.14478 0.020876 -0.217076
FixedParameters: 0 0 0

#Transform 23
Transform: AffineTransform_float_3_3
Parameters: 0.999998 0.001025 0.00127025 -0.00102446 0.999999 0.000177777 -0.00126997 -0.000179224 0.999999 0.174325 -0.0345025 -0.195733
FixedParameters: 0 0 0

#Transform 24
Transform: AffineTransform_float_3_3
Parameters: 0.999999 0.00163281 0.000512185 -0.00163267 0.999998 -0.000137929 -0.000512634 0.000137071 1 0.148389 0.0214314 -0.23816
FixedParameters: 0 0 0

#Transform 25
Transform: AffineTransform_float_3_3
Parameters: 0.999998 0.00156368 0.00121253 -0.00156387 0.999999 0.00045309 -0.00121219 -0.000454911 0.999999 0.165289 -0.0436166 -0.197777
FixedParameters: 0 0 0

#Transform 26
Transform: AffineTransform_float_3_3
Parameters: 0.999998 0.0015528 0.0010738 -0.00155199 0.999999 -0.000338682 -0.00107385 0.000337319 1 0.159728 0.00479128 -0.289339
FixedParameters: 0 0 0

#Transform 27
Transform: AffineTransform_float_3_3
Parameters: 0.999998 0.0015522 0.00107243 -0.00155234 0.999999 6.63208e-05 -0.00107223 -6.7679e-05 1 0.178154 -0.0409776 -0.22627
FixedParameters: 0 0 0

#Transform 28
Transform: AffineTransform_float_3_3
Parameters: 0.999998 0.00157894 0.0013755 -0.00157861 0.999998 -0.000450187 -0.00137584 0.000447814 0.999999 0.183671 -0.00995415 -0.29653
FixedParameters: 0 0 0

#Transform 29
Transform: AffineTransform_float_3_3
Parameters: 0.999997 0.00216858 0.000939256 -0.00216962 0.999997 0.000506864 -0.000938049 -0.000509135 1 0.154082 -0.0211516 -0.210256
FixedParameters: 0 0 0

#Transform 30
Transform: AffineTransform_float_3_3
Parameters: 0.999996 0.00254523 0.00065105 -0.00254466 0.999997 -0.000372928 -0.000651947 0.000371072 0.999999 0.103291 -0.0161858 -0.274838
FixedParameters: 0 0 0

#Transform 31
Transform: AffineTransform_float_3_3
Parameters: 0.999997 0.00259279 0.000576393 -0.00259268 0.999996 -9.77646e-05 -0.000576896 9.62346e-05 1 0.110966 0.0298632 -0.227676
FixedParameters: 0 0 0

#Transform 32
Transform: AffineTransform_float_3_3
Parameters: 0.999996 0.00291926 0.00098063 -0.00291954 0.999996 0.000139861 -0.000979803 -0.000143138 1 0.106073 -0.0552197 -0.251088
FixedParameters: 0 0 0

#Transform 33
Transform: AffineTransform_float_3_3
Parameters: 0.999997 0.00261046 0.000611049 -0.00260914 0.999997 -0.000866868 -0.000612581 0.000865135 1 0.111564 0.0112913 -0.289055
FixedParameters: 0 0 0

#Transform 34
Transform: AffineTransform_float_3_3
Parameters: 0.999996 0.00274313 0.00121565 -0.0027426 0.999997 -0.000185619 -0.00121566 0.000182382 0.999999 0.138572 -0.0472862 -0.259702
FixedParameters: 0 0 0

#Transform 35
Transform: AffineTransform_float_3_3
Parameters: 0.999996 0.00283164 0.000407586 -0.00283187 0.999996 -0.000730512 -0.000409642 0.000729488 0.999999 0.0965298 0.000866668 -0.322513
FixedParameters: 0 0 0

#Transform 36
Transform: AffineTransform_float_3_3
Parameters: 0.999995 0.00305604 0.000567674 -0.00305543 0.999996 -0.000456099 -0.000569461 0.0004549 1 0.106453 -0.00670714 -0.230293
FixedParameters: 0 0 0

#Transform 37
Transform: AffineTransform_float_3_3
Parameters: 0.999995 0.00306101 0.000830056 -0.00306043 0.999995 -0.000845907 -0.000833147 0.000843092 0.999999 0.101415 -0.0576519 -0.284604
FixedParameters: 0 0 0

#Transform 38
Transform: AffineTransform_float_3_3
Parameters: 0.999995 0.00286956 0.000784992 -0.00286874 0.999995 -0.000992533 -0.000787607 0.000990467 0.999999 0.127228 -0.0111066 -0.278288
FixedParameters: 0 0 0

#Transform 39
Transform: AffineTransform_float_3_3
Parameters: 0.999997 0.00262315 0.000769642 -0.0026227 0.999997 -0.000829292 -0.000771907 0.000826709 1 0.136565 -0.0782663 -0.299341
FixedParameters: 0 0 0

#Transform 40
Transform: AffineTransform_float_3_3
Parameters: 0.999996 0.00253663 0.000433721 -0.00253712 0.999996 -0.000479372 -0.00043507 0.000478628 0.999999 0.127576 0.0527599 -0.267882
FixedParameters: 0 0 0

#Transform 41
Transform: AffineTransform_float_3_3
Parameters: 0.999995 0.00283493 0.000800182 -0.0028345 0.999996 -0.000215546 -0.000800402 0.000213455 1 0.110149 -0.0592878 -0.223206
FixedParameters: 0 0 0

#Transform 42
Transform: AffineTransform_float_3_3
Parameters: 0.999996 0.00299742 0.000582665 -0.00299719 0.999995 -0.000830106 -0.00058456 0.000827897 1 0.0874762 -0.00196431 -0.300776
FixedParameters: 0 0 0

#Transform 43
Transform: AffineTransform_float_3_3
Parameters: 0.999996 0.00271588 0.000675825 -0.00271546 0.999997 -0.000251198 -0.000676189 0.000249802 0.999999 0.125628 -0.00125748 -0.245509
FixedParameters: 0 0 0

#Transform 44
Transform: AffineTransform_float_3_3
Parameters: 0.999996 0.00268518 0.000977309 -0.00268357 0.999996 -0.000735903 -0.000979259 0.000733097 0.999999 0.138413 -0.0317824 -0.319646
FixedParameters: 0 0 0

#Transform 45
Transform: AffineTransform_float_3_3
Parameters: 0.999996 0.00257749 0.000951653 -0.00257604 0.999996 -0.000670646 -0.00095311 0.000668354 0.999999 0.156864 0.0135671 -0.287711
FixedParameters: 0 0 0

#Transform 46
Transform: AffineTransform_float_3_3
Parameters: 0.999995 0.00278393 0.00109467 -0.0027826 0.999996 -0.000947327 -0.00109686 0.000943673 0.999999 0.142211 -0.0579146 -0.313844
FixedParameters: 0 0 0

#Transform 47
Transform: AffineTransform_float_3_3
Parameters: 0.999996 0.00255059 0.000600328 -0.00254987 0.999996 -0.0012068 -0.000603405 0.0012052 0.999999 0.148062 -0.00631425 -0.314118
FixedParameters: 0 0 0

#Transform 48
Transform: AffineTransform_float_3_3
Parameters: 0.999995 0.00281935 0.000956645 -0.00281795 0.999995 -0.00111298 -0.000959839 0.00111101 0.999999 0.141231 -0.0719249 -0.289795
FixedParameters: 0 0 0

#Transform 49
Transform: AffineTransform_float_3_3
Parameters: 0.999995 0.00282318 0.000825366 -0.00282172 0.999996 -0.0012787 -0.000828507 0.0012763 0.999998 0.149548 0.00264212 -0.315609
FixedParameters: 0 0 0

#Transform 50
Transform: AffineTransform_float_3_3
Parameters: 0.999996 0.00274702 0.000798193 -0.00274561 0.999996 -0.000781472 -0.000800487 0.000779527 1 0.142086 -0.0501485 -0.283132
FixedParameters: 0 0 0

#Transform 51
Transform: AffineTransform_float_3_3
Parameters: 0.999996 0.00276816 0.00073466 -0.00276794 0.999996 -0.00132839 -0.000738847 0.00132561 0.999999 0.141758 -0.000394747 -0.288661
FixedParameters: 0 0 0

#Transform 52
Transform: AffineTransform_float_3_3
Parameters: 0.999995 0.00272493 0.00110641 -0.00272424 0.999996 -0.0010983 -0.00110923 0.0010957 0.999998 0.155175 -0.0770193 -0.285401
FixedParameters: 0 0 0

#Transform 53
Transform: AffineTransform_float_3_3
Parameters: 0.999997 0.00263131 0.000635321 -0.00262977 0.999995 -0.00165395 -0.000638951 0.00165206 0.999999 0.145647 0.0123551 -0.299468
FixedParameters: 0 0 0

#Transform 54
Transform: AffineTransform_float_3_3
Parameters: 0.999996 0.00250446 0.000823905 -0.00250371 0.999996 -0.000901251 -0.000825338 0.000898751 0.999999 0.135371 -0.0592046 -0.241402
FixedParameters: 0 0 0

#Transform 55
Transform: AffineTransform_float_3_3
Parameters: 0.999996 0.00285891 0.00110089 -0.00285731 0.999995 -0.00106643 -0.0011039 0.00106356 0.999998 0.127765 -0.0224709 -0.279802
FixedParameters: 0 0 0

#Transform 56
Transform: AffineTransform_float_3_3
Parameters: 0.999995 0.0030042 0.0008176 -0.00300274 0.999995 -0.00129382 -0.000821293 0.00129118 0.999998 0.121254 0.0204869 -0.296719
FixedParameters: 0 0 0

#Transform 57
Transform: AffineTransform_float_3_3
Parameters: 0.999996 0.00290448 0.000842682 -0.00290393 0.999995 -0.000818728 -0.000845352 0.000816271 0.999999 0.13426 -0.054723 -0.290632
FixedParameters: 0 0 0

#Transform 58
Transform: AffineTransform_float_3_3
Parameters: 0.999996 0.00296399 0.000822796 -0.00296268 0.999994 -0.00174881 -0.000828 0.00174619 0.999998 0.136001 0.00324992 -0.305122
FixedParameters: 0 0 0

#Transform 59
Transform: AffineTransform_float_3_3
Parameters: 0.999996 0.0028186 0.0012039 -0.00281689 0.999995 -0.0010156 -0.00120654 0.0010124 0.999999 0.166027 -0.0494301 -0.258172
FixedParameters: 0 0 0

#Transform 60
Transform: AffineTransform_float_3_3
Parameters: 0.999994 0.00321945 0.000371825 -0.00321904 0.999994 -0.00142964 -0.000376955 0.00142835 0.999999 0.109583 -0.0164407 -0.290721
FixedParameters: 0 0 0

#Transform 61
Transform: AffineTransform_float_3_3
Parameters: 0.999995 0.00298678 0.00105139 -0.00298582 0.999996 -0.000809513 -0.00105314 0.000806489 0.999999 0.15044 -0.0389715 -0.27113
FixedParameters: 0 0 0

#Transform 62
Transform: AffineTransform_float_3_3
Parameters: 0.999995 0.00287512 0.00114742 -0.00287413 0.999996 -0.00115358 -0.00114989 0.00114942 0.999999 0.145483 0.0033899 -0.312784
FixedParameters: 0 0 0

#Transform 63
Transform: AffineTransform_float_3_3
Parameters: 0.999996 0.00285773 0.00114518 -0.00285604 0.999995 -0.00105856 -0.00114815 0.00105544 0.999998 0.167316 -0.0414328 -0.291036
FixedParameters: 0 0 0

#Transform 64
Transform: AffineTransform_float_3_3
Parameters: 0.999996 0.00280186 0.00058686 -0.0028003 0.999994 -0.00180992 -0.000591927 0.00180808 0.999998 0.13349 0.00924405 -0.306333
FixedParameters: 0 0 0

#Transform 65
Transform: AffineTransform_float_3_3
Parameters: 0.999996 0.00281676 0.0010968 -0.00281457 0.999996 -0.00133137 -0.00110122 0.00132763 0.999999 0.141638 -0.0577156 -0.280603
FixedParameters: 0 0 0

#Transform 66
Transform: AffineTransform_float_3_3
Parameters: 0.999997 0.00250618 0.000726521 -0.00250471 0.999995 -0.00208202 -0.000731798 0.00208098 0.999998 0.165629 -0.00908839 -0.354404
FixedParameters: 0 0 0

#Transform 67
Transform: AffineTransform_float_3_3
Parameters: 0.999997 0.00227612 0.00106298 -0.00227445 0.999997 -0.00160062 -0.0010671 0.00159838 0.999998 0.168055 -0.0792565 -0.324423
FixedParameters: 0 0 0

#Transform 68
Transform: AffineTransform_float_3_3
Parameters: 0.999997 0.00240393 0.000836755 -0.0024011 0.999994 -0.0025702 -0.00084295 0.0025678 0.999997 0.165575 -0.0297931 -0.367794
FixedParameters: 0 0 0

#Transform 69
Transform: AffineTransform_float_3_3
Parameters: 0.999996 0.00267756 0.000986579 -0.00267505 0.999995 -0.00206093 -0.000992452 0.00205907 0.999997 0.166658 -0.0662384 -0.315354
FixedParameters: 0 0 0

#Transform 70
Transform: AffineTransform_float_3_3
Parameters: 0.999996 0.00271107 0.000827227 -0.00270962 0.999993 -0.00236852 -0.000833823 0.00236548 0.999997 0.1697 -0.00872828 -0.310433
FixedParameters: 0 0 0

#Transform 71
Transform: AffineTransform_float_3_3
Parameters: 0.999996 0.00291864 0.000965379 -0.00291711 0.999994 -0.00207211 -0.000971231 0.00206989 0.999997 0.154837 -0.0934333 -0.303199
FixedParameters: 0 0 0

#Transform 72
Transform: AffineTransform_float_3_3
Parameters: 0.999995 0.00309017 0.000224078 -0.00308861 0.999989 -0.00352715 -0.000234825 0.00352685 0.999993 0.134144 -0.0351682 -0.368733
FixedParameters: 0 0 0

#Transform 73
Transform: AffineTransform_float_3_3
Parameters: 0.999996 0.00295973 0.000779542 -0.0029576 0.999993 -0.00225568 -0.000785738 0.00225332 0.999997 0.152038 -0.0785179 -0.296974
FixedParameters: 0 0 0

#Transform 74
Transform: AffineTransform_float_3_3
Parameters: 0.999995 0.00316134 -5.80869e-05 -0.00316176 0.999989 -0.00343726 4.73996e-05 0.00343674 0.999994 0.124587 -0.065109 -0.401247
FixedParameters: 0 0 0

#Transform 75
Transform: AffineTransform_float_3_3
Parameters: 0.999994 0.00349425 0.000494728 -0.00349268 0.99999 -0.00279628 -0.000505123 0.00279472 0.999996 0.128259 -0.0506851 -0.324424
FixedParameters: 0 0 0

#Transform 76
Transform: AffineTransform_float_3_3
Parameters: 0.999994 0.00346204 -3.10582e-05 -0.00346211 0.999986 -0.00383243 1.75592e-05 0.00383256 0.999992 0.0988891 -0.115284 -0.471219
FixedParameters: 0 0 0

#Transform 77
Transform: AffineTransform_float_3_3
Parameters: 0.999996 0.00299609 1.17462e-05 -0.00299591 0.999987 -0.0041494 -2.45686e-05 0.0041496 0.999992 0.154295 -0.0727499 -0.446483
FixedParameters: 0 0 0

#Transform 78
Transform: AffineTransform_float_3_3
Parameters: 0.999994 0.00326712 0.000441627 -0.00326514 0.999989 -0.0033959 -0.000452673 0.0033941 0.999994 0.149193 -0.110607 -0.406907
FixedParameters: 0 0 0

#Transform 79
Transform: AffineTransform_float_3_3
Parameters: 0.999992 0.00392834 -0.000284609 -0.0039293 0.99998 -0.00482951 0.000266583 0.00483049 0.999989 0.102091 -0.077171 -0.45374
FixedParameters: 0 0 0

#Transform 80
Transform: AffineTransform_float_3_3
Parameters: 0.999995 0.00337212 0.000343641 -0.00337185 0.999992 -0.00227661 -0.000350849 0.00227539 0.999998 0.113524 -0.0856207 -0.318555
FixedParameters: 0 0 0

#Transform 81
Transform: AffineTransform_float_3_3
Parameters: 0.999994 0.00331024 -0.000223192 -0.0033107 0.99999 -0.00320279 0.000212944 0.00320321 0.999995 0.0986319 -0.0466335 -0.366208
FixedParameters: 0 0 0

#Transform 82
Transform: AffineTransform_float_3_3
Parameters: 0.999996 0.00298754 0.00042126 -0.00298589 0.999992 -0.00241362 -0.000428614 0.00241237 0.999997 0.148029 -0.052617 -0.281142
FixedParameters: 0 0 0

#Transform 83
Transform: AffineTransform_float_3_3
Parameters: 0.999994 0.00327164 -2.62729e-05 -0.00327176 0.999988 -0.00359437 1.4794e-05 0.00359464 0.999994 0.123029 -0.0570396 -0.381022
FixedParameters: 0 0 0

#Transform 84
Transform: AffineTransform_float_3_3
Parameters: 0.999995 0.00320709 9.77032e-05 -0.00320676 0.999991 -0.00273476 -0.000106189 0.00273424 0.999996 0.141781 -0.0385633 -0.310689
FixedParameters: 0 0 0

#Transform 85
Transform: AffineTransform_float_3_3
Parameters: 0.999994 0.0032713 0.000227062 -0.00327049 0.999988 -0.00381129 -0.000239866 0.00381071 0.999992 0.145683 -0.0809789 -0.422862
FixedParameters: 0 0 0

#Transform 86
Transform: AffineTransform_float_3_3
Parameters: 0.999995 0.00310336 0.000135397 -0.0031034 0.999989 -0.00357787 -0.000146471 0.00357713 0.999993 0.170339 -0.0466974 -0.388679
FixedParameters: 0 0 0

#Transform 87
Transform: AffineTransform_float_3_3
Parameters: 0.999995 0.00331726 0.000257967 -0.00331611 0.999987 -0.0038474 -0.000270362 0.0038466 0.999992 0.158449 -0.116575 -0.406667
FixedParameters: 0 0 0

#Transform 88
Transform: AffineTransform_float_3_3
Parameters: 0.999993 0.00368516 -0.000764051 -0.00368878 0.999982 -0.0046758 0.000746329 0.0046782 0.999989 0.104099 -0.0512249 -0.447499
FixedParameters: 0 0 0

#Transform 89
Transform: AffineTransform_float_3_3
Parameters: 0.999992 0.00383489 0.000142003 -0.00383459 0.999986 -0.00366418 -0.000155984 0.00366382 0.999993 0.130965 -0.10568 -0.372085
FixedParameters: 0 0 0

#Transform 90
Transform: AffineTransform_float_3_3
Parameters: 0.99999 0.00427113 -0.000756684 -0.00427454 0.999979 -0.00487956 0.000736721 0.00488244 0.999988 0.0715621 -0.0918662 -0.437143
FixedParameters: 0 0 0

#Transform 91
Transform: AffineTransform_float_3_3
Parameters: 0.999992 0.0039833 -0.000264673 -0.00398496 0.999984 -0.00412466 0.000248827 0.00412535 0.999992 0.130529 -0.0614301 -0.356806
FixedParameters: 0 0 0

#Transform 92
Transform: AffineTransform_float_3_3
Parameters: 0.999992 0.00396931 -0.000519815 -0.0039715 0.999981 -0.00471665 0.000501199 0.00471835 0.999989 0.0959986 -0.104446 -0.406818
FixedParameters: 0 0 0

#Transform 93
Transform: AffineTransform_float_3_3
Parameters: 0.999992 0.00391177 -0.000723206 -0.0039158 0.999982 -0.00465288 0.000705617 0.00465613 0.999989 0.107515 -0.0515037 -0.354198
FixedParameters: 0 0 0

#Transform 94
Transform: AffineTransform_float_3_3
Parameters: 0.999991 0.00402016 -0.000733882 -0.00402352 0.99998 -0.00486676 0.000714477 0.00487024 0.999988 0.0938603 -0.11685 -0.415085
FixedParameters: 0 0 0

#Transform 95
Transform: AffineTransform_float_3_3
Parameters: 0.999994 0.0034941 -0.000434217 -0.00349566 0.999984 -0.00459602 0.000417941 0.00459798 0.99999 0.141908 -0.053282 -0.4019
FixedParameters: 0 0 0

#Transform 96
Transform: AffineTransform_float_3_3
Parameters: 0.999992 0.00383529 -0.000458503 -0.00383691 0.999982 -0.00472095 0.000441124 0.00472205 0.999989 0.107348 -0.107068 -0.404669
FixedParameters: 0 0 0

#Transform 97
Transform: AffineTransform_float_3_3
Parameters: 0.999992 0.00399507 -0.000732707 -0.00399871 0.999978 -0.00513778 0.000712379 0.00514022 0.999986 0.1047 -0.0738207 -0.396865
FixedParameters: 0 0 0

#Transform 98
Transform: AffineTransform_float_3_3
Parameters: 0.999993 0.00391779 -0.000224065 -0.0039193 0.99998 -0.00499676 0.000203919 0.00499724 0.999988 0.0950457 -0.119115 -0.409532
FixedParameters: 0 0 0

#Transform 99
Transform: AffineTransform_float_3_3
Parameters: 0.999992 0.00378019 -0.000711901 -0.00378334 0.999981 -0.00480693 0.000694295 0.00480908 0.999989 0.0930981 -0.060214 -0.392098
FixedParameters: 0 0 0

#Transform 100
Transform: AffineTransform_float_3_3
Parameters: 0.999992 0.00403223 -0.000468104 -0.00403489 0.999981 -0.00467482 0.000449317 0.00467618 0.999989 0.0848561 -0.110649 -0.399289
FixedParameters: 0 0 0

#Transform 101
Transform: AffineTransform_float_3_3
Parameters: 0.999991 0.00418297 -0.000179653 -0.00418383 0.999976 -0.00542698 0.000157243 0.00542802 0.999985 0.0797094 -0.056145 -0.400101
FixedParameters: 0 0 0

#Transform 102
Transform: AffineTransform_float_3_3
Parameters: 0.999991 0.00423759 -0.000284471 -0.0042384 0.99998 -0.0045846 0.000265536 0.0045854 0.999989 0.0737235 -0.115929 -0.372415
FixedParameters: 0 0 0

#Transform 103
Transform: AffineTransform_float_3_3
Parameters: 0.999991 0.00429525 -0.000763332 -0.0042999 0.999974 -0.00590162 0.000738324 0.00590538 0.999982 0.0670184 -0.0618746 -0.445152
FixedParameters: 0 0 0

#Transform 104
Transform: AffineTransform_float_3_3
Parameters: 0.999992 0.0041322 0.000301553 -0.00413126 0.999979 -0.00503498 -0.000321887 0.00503302 0.999987 0.100532 -0.104207 -0.357599
FixedParameters: 0 0 0

#Transform 105
Transform: AffineTransform_float_3_3
Parameters: 0.999992 0.00374735 -0.000714152 -0.00375099 0.999974 -0.00617794 0.000691476 0.00618005 0.999981 0.107334 -0.110795 -0.512987
FixedParameters: 0 0 0

#Transform 106
Transform: AffineTransform_float_3_3
Parameters: 0.999993 0.00373772 -0.000184199 -0.00373889 0.999979 -0.00541795 0.000163702 0.00541806 0.999986 0.135712 -0.121502 -0.416313
FixedParameters: 0 0 0

#Transform 107
Transform: AffineTransform_float_3_3
Parameters: 0.999992 0.00405557 1.69715e-05 -0.00405614 0.999973 -0.00611081 -4.23703e-05 0.00611019 0.999982 0.114455 -0.105051 -0.472549
FixedParameters: 0 0 0

#Transform 108
Transform: AffineTransform_float_3_3
Parameters: 0.999993 0.00369341 3.47094e-05 -0.00369321 0.999978 -0.00542368 -5.46735e-05 0.00542332 0.999986 0.132101 -0.0971036 -0.405667
FixedParameters: 0 0 0

#Transform 109
Transform: AffineTransform_float_3_3
Parameters: 0.999992 0.00415748 -0.000447428 -0.0041608 0.999971 -0.00637896 0.000420261 0.00638103 0.999979 0.0959593 -0.118083 -0.466195
FixedParameters: 0 0 0

#Transform 110
Transform: AffineTransform_float_3_3
Parameters: 0.999994 0.00365314 0.000281739 -0.00365163 0.999975 -0.00615768 -0.000304454 0.00615632 0.999981 0.148475 -0.0961261 -0.421584
FixedParameters: 0 0 0

#Transform 111
Transform: AffineTransform_float_3_3
Parameters: 0.999992 0.00396088 -6.28563e-05 -0.00396136 0.999974 -0.00615049 3.92093e-05 0.00615052 0.999981 0.119009 -0.129651 -0.450964
FixedParameters: 0 0 0

#Transform 112
Transform: AffineTransform_float_3_3
Parameters: 0.999991 0.00407088 9.47471e-05 -0.00407027 0.999972 -0.00639514 -0.000120649 0.00639487 0.99998 0.127901 -0.0666245 -0.399156
FixedParameters: 0 0 0

#Transform 113
Transform: AffineTransform_float_3_3
Parameters: 0.999991 0.00426009 0.000386688 -0.00425823 0.999973 -0.00590241 -0.000411628 0.00590159 0.999983 0.114974 -0.130169 -0.416765
FixedParameters: 0 0 0

#Transform 114
Transform: AffineTransform_float_3_3
Parameters: 0.999992 0.00402401 -0.000305003 -0.00402563 0.999969 -0.00673252 0.000277701 0.00673449 0.999978 0.139173 -0.0757074 -0.445219
FixedParameters: 0 0 0

#Transform 115
Transform: AffineTransform_float_3_3
Parameters: 0.999991 0.00409486 0.000428952 -0.00409265 0.999969 -0.00664452 -0.000455937 0.00664348 0.999977 0.15939 -0.137273 -0.419676
FixedParameters: 0 0 0

#Transform 116
Transform: AffineTransform_float_3_3
Parameters: 0.999992 0.00413919 0.000406856 -0.00413699 0.999968 -0.00687045 -0.0004353 0.00686856 0.999976 0.152934 -0.0769967 -0.39884
FixedParameters: 0 0 0

#Transform 117
Transform: AffineTransform_float_3_3
Parameters: 0.999991 0.00417064 0.000363635 -0.00416803 0.999974 -0.00593227 -0.000387846 0.00593073 0.999982 0.132265 -0.118068 -0.377866
FixedParameters: 0 0 0

#Transform 118
Transform: AffineTransform_float_3_3
Parameters: 0.999989 0.00462421 0.000376349 -0.00462148 0.999968 -0.00657069 -0.000406777 0.00656931 0.999978 0.104827 -0.0476735 -0.394562
FixedParameters: 0 0 0

#Transform 119
Transform: AffineTransform_float_3_3
Parameters: 0.999991 0.0040265 0.000782135 -0.0040224 0.999978 -0.0052759 -0.000804146 0.0052721 0.999985 0.120852 -0.102698 -0.366299
FixedParameters: 0 0 0

#Transform 120
Transform: AffineTransform_float_3_3
Parameters: 0.999991 0.00426739 0.000352878 -0.00426539 0.99997 -0.00637727 -0.000379959 0.00637574 0.99998 0.125622 -0.0686749 -0.441265
FixedParameters: 0 0 0

#Transform 121
Transform: AffineTransform_float_3_3
Parameters: 0.999991 0.00397168 0.000948956 -0.00396732 0.999977 -0.00549245 -0.000970939 0.00548856 0.999985 0.147582 -0.0652403 -0.331973
FixedParameters: 0 0 0

#Transform 122
Transform: AffineTransform_float_3_3
Parameters: 0.999992 0.0038044 0.000395022 -0.00380195 0.999971 -0.00651608 -0.000419242 0.00651393 0.999979 0.119305 -0.088893 -0.448659
FixedParameters: 0 0 0

#Transform 123
Transform: AffineTransform_float_3_3
Parameters: 0.999992 0.00393247 0.000387165 -0.0039302 0.999978 -0.00549927 -0.000408137 0.00549773 0.999984 0.133438 -0.0666991 -0.370956
FixedParameters: 0 0 0

#Transform 124
Transform: AffineTransform_float_3_3
Parameters: 0.999992 0.0039796 0.00037951 -0.00397647 0.999972 -0.00634926 -0.000404769 0.00634774 0.999979 0.123717 -0.116054 -0.451426
FixedParameters: 0 0 0

#Transform 125
Transform: AffineTransform_float_3_3
Parameters: 0.999993 0.00374833 0.000403134 -0.0037457 0.999976 -0.00572508 -0.000423772 0.00572392 0.999984 0.153899 -0.0548269 -0.404453
FixedParameters: 0 0 0

#Transform 126
Transform: AffineTransform_float_3_3
Parameters: 0.999993 0.00366882 0.000408963 -0.0036657 0.999974 -0.00612307 -0.000430612 0.00612193 0.999981 0.153739 -0.124719 -0.40803
FixedParameters: 0 0 0

#Transform 127
Transform: AffineTransform_float_3_3
Parameters: 0.999993 0.00364795 0.000683815 -0.00364345 0.999974 -0.00618299 -0.000706459 0.00618101 0.999981 0.166238 -0.0745465 -0.401554
FixedParameters: 0 0 0

#Transform 128
Transform: AffineTransform_float_3_3
Parameters: 0.999993 0.00368643 0.000748111 -0.00368143 0.999971 -0.00658534 -0.000773108 0.00658265 0.999978 0.167929 -0.147326 -0.457085
FixedParameters: 0 0 0

#Transform 129
Transform: AffineTransform_float_3_3
Parameters: 0.999993 0.00353956 0.000419228 -0.00353691 0.999972 -0.00658406 -0.000442474 0.00658295 0.999978 0.200776 -0.085019 -0.452766
FixedParameters: 0 0 0

#Transform 130
Transform: AffineTransform_float_3_3
Parameters: 0.999993 0.00387484 0.000681488 -0.00386999 0.999972 -0.00632523 -0.000706043 0.00632278 0.99998 0.165665 -0.144278 -0.431654
FixedParameters: 0 0 0

#Transform 131
Transform: AffineTransform_float_3_3
Parameters: 0.999993 0.00374757 0.000102855 -0.00374769 0.999968 -0.00709404 -0.000129781 0.00709395 0.999975 0.150494 -0.0939327 -0.462928
FixedParameters: 0 0 0

#Transform 132
Transform: AffineTransform_float_3_3
Parameters: 0.999993 0.0036769 0.000407246 -0.00367448 0.999973 -0.00639107 -0.000429886 0.00638993 0.99998 0.157023 -0.140072 -0.455264
FixedParameters: 0 0 0

#Transform 133
Transform: AffineTransform_float_3_3
Parameters: 0.999993 0.00356661 0.000284039 -0.00356419 0.999968 -0.00718758 -0.000310038 0.00718641 0.999974 0.185646 -0.0801905 -0.483746
FixedParameters: 0 0 0

#Transform 134
Transform: AffineTransform_float_3_3
Parameters: 0.999991 0.00422152 0.000694692 -0.00421722 0.999971 -0.00633871 -0.000720674 0.0063363 0.99998 0.153708 -0.142062 -0.441435
FixedParameters: 0 0 0

#Transform 135
Transform: AffineTransform_float_3_3
Parameters: 0.99999 0.00446774 -0.00020853 -0.00446879 0.999969 -0.00652199 0.00017922 0.006523 0.999978 0.0940572 -0.0756426 -0.426885
FixedParameters: 0 0 0

#Transform 136
Transform: AffineTransform_float_3_3
Parameters: 0.99999 0.00430776 0.000670123 -0.00430416 0.999975 -0.00552365 -0.000693254 0.00552036 0.999985 0.132577 -0.124103 -0.393004
FixedParameters: 0 0 0

#Transform 137
Transform: AffineTransform_float_3_3
Parameters: 0.999991 0.00419863 0.000324024 -0.00419583 0.99997 -0.00662821 -0.000352416 0.00662679 0.999978 0.123081 -0.090712 -0.489489
FixedParameters: 0 0 0

#Transform 138
Transform: AffineTransform_float_3_3
Parameters: 0.999992 0.00396519 0.000802469 -0.00396166 0.999978 -0.00535585 -0.000823389 0.00535215 0.999985 0.156802 -0.101627 -0.387556
FixedParameters: 0 0 0

#Transform 139
Transform: AffineTransform_float_3_3
Parameters: 0.99999 0.00420199 0.000998789 -0.00419551 0.999973 -0.00608897 -0.00102431 0.00608503 0.99998 0.151802 -0.125909 -0.443853
FixedParameters: 0 0 0

#Transform 140
Transform: AffineTransform_float_3_3
Parameters: 0.999992 0.00401153 0.00113461 -0.00400543 0.999978 -0.00536223 -0.00115598 0.00535777 0.999984 0.182883 -0.0679139 -0.404395
FixedParameters: 0 0 0

#Transform 141
Transform: AffineTransform_float_3_3
Parameters: 0.999992 0.00384882 0.000981243 -0.00384286 0.999974 -0.00603036 -0.00100401 0.00602663 0.999981 0.200164 -0.112517 -0.434
FixedParameters: 0 0 0

#Transform 142
Transform: AffineTransform_float_3_3
Parameters: 0.999992 0.00367224 0.0016194 -0.00366207 0.999976 -0.00593345 -0.00164104 0.00592754 0.999981 0.22383 -0.069026 -0.411176
FixedParameters: 0 0 0

#Transform 143
Transform: AffineTransform_float_3_3
Parameters: 0.999994 0.00323396 0.00139427 -0.00322546 0.999977 -0.00600191 -0.00141324 0.00599709 0.999981 0.226162 -0.142399 -0.434168
FixedParameters: 0 0 0

#Transform 144
Transform: AffineTransform_float_3_3
Parameters: 0.999993 0.00341877 0.00137347 -0.0034097 0.999973 -0.00655911 -0.00139539 0.00655489 0.999978 0.240031 -0.0797462 -0.439112
FixedParameters: 0 0 0

#Transform 145
Transform: AffineTransform_float_3_3
Parameters: 0.999993 0.00316673 0.00208319 -0.00315387 0.999977 -0.00604184 -0.00210222 0.00603517 0.99998 0.270152 -0.149355 -0.414777
FixedParameters: 0 0 0

#Transform 146
Transform: AffineTransform_float_3_3
Parameters: 0.999992 0.00376815 0.00137844 -0.0037581 0.99997 -0.00681471 -0.00140486 0.0068093 0.999976 0.213418 -0.109137 -0.46824
FixedParameters: 0 0 0

#Transform 147
Transform: AffineTransform_float_3_3
Parameters: 0.999992 0.00339916 0.00203565 -0.00338628 0.999973 -0.00638217 -0.00205772 0.00637582 0.999977 0.253437 -0.128438 -0.421805
FixedParameters: 0 0 0

#Transform 148
Transform: AffineTransform_float_3_3
Parameters: 0.999992 0.00350305 0.0016243 -0.00349212 0.999969 -0.00700211 -0.00164915 0.00699589 0.999974 0.226695 -0.140597 -0.490633
FixedParameters: 0 0 0

#Transform 149
Transform: AffineTransform_float_3_3
Parameters: 0.999993 0.00322061 0.00183404 -0.00320976 0.999978 -0.00577214 -0.00185217 0.00576586 0.999982 0.250889 -0.0946465 -0.38476
FixedParameters: 0 0 0

#Transform 150
Transform: AffineTransform_float_3_3
Parameters: 0.999992 0.00351539 0.00153718 -0.00350503 0.999968 -0.00718375 -0.00156249 0.00717925 0.999973 0.224367 -0.135806 -0.46598
FixedParameters: 0 0 0

#Transform 151
Transform: AffineTransform_float_3_3
Parameters: 0.999993 0.00319521 0.00164678 -0.00318328 0.999973 -0.00669058 -0.00166849 0.00668541 0.999976 0.268621 -0.0815061 -0.385318
FixedParameters: 0 0 0

#Transform 152
Transform: AffineTransform_float_3_3
Parameters: 0.999996 0.00261087 0.000954855 -0.00260393 0.99997 -0.00740479 -0.000973764 0.00740221 0.999972 0.233413 -0.143352 -0.361182
FixedParameters: 0 0 0

#Transform 153
Transform: AffineTransform_float_3_3
Parameters: 0.999994 0.00325515 0.000369689 -0.00325214 0.999957 -0.00860668 -0.000397282 0.00860531 0.999963 0.207929 -0.143495 -0.449727
FixedParameters: 0 0 0

#Transform 154
Transform: AffineTransform_float_3_3
Parameters: 0.999994 0.00317067 0.000776422 -0.00316334 0.999961 -0.00828587 -0.000802312 0.00828413 0.999965 0.221078 -0.175031 -0.413667
FixedParameters: 0 0 0

#Transform 155
Transform: AffineTransform_float_3_3
Parameters: 0.999995 0.00298386 0.000249546 -0.0029809 0.999955 -0.00898322 -0.000276879 0.00898178 0.999959 0.227657 -0.171905 -0.491757
FixedParameters: 0 0 0

#Transform 156
Transform: AffineTransform_float_3_3
Parameters: 0.999995 0.00326557 0.000872309 -0.00325849 0.999964 -0.00785926 -0.000897898 0.00785675 0.999969 0.245283 -0.164744 -0.415816
FixedParameters: 0 0 0

#Transform 157
Transform: AffineTransform_float_3_3
Parameters: 0.999993 0.00373751 0.00017754 -0.00373604 0.999952 -0.00913634 -0.000211514 0.00913468 0.999958 0.204251 -0.180346 -0.488706
FixedParameters: 0 0 0

#Transform 158
Transform: AffineTransform_float_3_3
Parameters: 0.999993 0.00371271 0.000675953 -0.00370649 0.999959 -0.00835619 -0.000706371 0.00835381 0.999964 0.242591 -0.16441 -0.403849
FixedParameters: 0 0 0

#Transform 159
Transform: AffineTransform_float_3_3
Parameters: 0.999993 0.00354367 0.000984803 -0.00353492 0.99996 -0.00816899 -0.00101387 0.008166 0.999966 0.251727 -0.205092 -0.446516
FixedParameters: 0 0 0

#Transform 160
Transform: AffineTransform_float_3_3
Parameters: 0.999993 0.00354935 0.000195546 -0.00354675 0.999953 -0.00909636 -0.000227868 0.00909564 0.999958 0.257897 -0.159241 -0.531002
FixedParameters: 0 0 0

#Transform 161
Transform: AffineTransform_float_3_3
Parameters: 0.999991 0.00405438 0.000391655 -0.00405092 0.999959 -0.00811036 -0.000423995 0.00810865 0.999967 0.262582 -0.201132 -0.436385
FixedParameters: 0 0 0

#Transform 162
Transform: AffineTransform_float_3_3
Parameters: 0.999993 0.00392857 0.000161318 -0.00392665 0.999955 -0.00864639 -0.000196015 0.0086456 0.999962 0.235831 -0.225995 -0.496297
FixedParameters: 0 0 0

#Transform 163
Transform: AffineTransform_float_3_3
Parameters: 0.999993 0.00389545 -0.00047568 -0.00389996 0.999948 -0.00948389 0.000438522 0.00948511 0.999955 0.241675 -0.164073 -0.502863
FixedParameters: 0 0 0

#Transform 164
Transform: AffineTransform_float_3_3
Parameters: 0.999992 0.00380759 0.000442341 -0.00380366 0.999954 -0.00880637 -0.000475886 0.00880464 0.999961 0.285515 -0.234183 -0.44082
FixedParameters: 0 0 0

#Transform 165
Transform: AffineTransform_float_3_3
Parameters: 0.999992 0.00398066 -0.000182123 -0.00398149 0.999948 -0.00940503 0.00014518 0.00940596 0.999955 0.254913 -0.194918 -0.50878
FixedParameters: 0 0 0

#Transform 166
Transform: AffineTransform_float_3_3
Parameters: 0.999992 0.00391963 0.00056397 -0.00391435 0.999953 -0.00889989 -0.000599123 0.0088971 0.99996 0.300677 -0.215673 -0.425255
FixedParameters: 0 0 0

#Transform 167
Transform: AffineTransform_float_3_3
Parameters: 0.999992 0.00416308 -0.000198364 -0.00416507 0.999941 -0.010096 0.000156294 0.010097 0.999949 0.262998 -0.247612 -0.531336
FixedParameters: 0 0 0

#Transform 168
Transform: AffineTransform_float_3_3
Parameters: 0.999993 0.00374917 7.73462e-05 -0.0037484 0.999949 -0.00930895 -0.000111925 0.00930804 0.999956 0.293008 -0.200141 -0.469126
FixedParameters: 0 0 0

#Transform 169
Transform: AffineTransform_float_3_3
Parameters: 0.999992 0.00386368 -0.00019762 -0.00386494 0.999947 -0.00953799 0.000160849 0.009539 0.999954 0.275493 -0.237464 -0.534647
FixedParameters: 0 0 0

#Transform 170
Transform: AffineTransform_float_3_3
Parameters: 0.999992 0.00405169 0.000192337 -0.00404918 0.999944 -0.00977756 -0.000232257 0.00977645 0.999952 0.282462 -0.1881 -0.469987
FixedParameters: 0 0 0

#Transform 171
Transform: AffineTransform_float_3_3
Parameters: 0.999992 0.00397726 5.47845e-05 -0.00397647 0.999945 -0.00977999 -9.3375e-05 0.00978001 0.999952 0.262503 -0.231405 -0.52679
FixedParameters: 0 0 0

#Transform 172
Transform: AffineTransform_float_3_3
Parameters: 0.999992 0.00418286 -4.40906e-05 -0.00418273 0.999942 -0.00998668 2.64796e-06 0.00998633 0.99995 0.272033 -0.190977 -0.464513
FixedParameters: 0 0 0

#Transform 173
Transform: AffineTransform_float_3_3
Parameters: 0.999989 0.00452421 0.000309426 -0.00452063 0.999939 -0.0101084 -0.000355421 0.0101076 0.999948 0.256793 -0.236359 -0.53802
FixedParameters: 0 0 0

#Transform 174
Transform: AffineTransform_float_3_3
Parameters: 0.999989 0.00471844 -0.000147263 -0.00471987 0.99994 -0.00990736 0.00010083 0.00990863 0.999951 0.24406 -0.173677 -0.482549
FixedParameters: 0 0 0

#Transform 175
Transform: AffineTransform_float_3_3
Parameters: 0.999987 0.00497066 -0.000210496 -0.0049731 0.999934 -0.0102921 0.000159216 0.0102929 0.999947 0.227828 -0.237923 -0.498246
FixedParameters: 0 0 0

#Transform 176
Transform: AffineTransform_float_3_3
Parameters: 0.999988 0.00477537 -8.90088e-05 -0.00477557 0.999936 -0.0102406 3.92753e-05 0.0102414 0.999948 0.263453 -0.196951 -0.462892
FixedParameters: 0 0 0

#Transform 177
Transform: AffineTransform_float_3_3
Parameters: 0.999988 0.00477199 0.000107258 -0.00477025 0.999938 -0.0100206 -0.000154628 0.0100204 0.999949 0.259358 -0.249838 -0.53285
FixedParameters: 0 0 0

#Transform 178
Transform: AffineTransform_float_3_3
Parameters: 0.999987 0.00511651 -0.000177184 -0.00511815 0.999934 -0.0102703 0.000124132 0.0102707 0.999948 0.227297 -0.171475 -0.483986
FixedParameters: 0 0 0

#Transform 179
Transform: AffineTransform_float_3_3
Parameters: 0.999985 0.0053964 3.06415e-05 -0.00539582 0.999937 -0.00977852 -8.39395e-05 0.00977847 0.999952 0.202455 -0.236633 -0.503823
FixedParameters: 0 0 0

#Transform 180
Transform: AffineTransform_float_3_3
Parameters: 0.999986 0.00527545 -0.000613638 -0.00528211 0.999929 -0.0106931 0.000557433 0.0106959 0.999942 0.213551 -0.175234 -0.494743
FixedParameters: 0 0 0

#Transform 181
Transform: AffineTransform_float_3_3
Parameters: 0.999987 0.00495035 -0.000306236 -0.00495276 0.999939 -0.00993772 0.000256717 0.00993928 0.99995 0.217018 -0.251811 -0.492155
FixedParameters: 0 0 0

#Transform 182
Transform: AffineTransform_float_3_3
Parameters: 0.999986 0.00512484 -0.00060173 -0.00513173 0.999924 -0.0112002 0.00054454 0.0112028 0.999937 0.221138 -0.212496 -0.52906
FixedParameters: 0 0 0

#Transform 183
Transform: AffineTransform_float_3_3
Parameters: 0.999987 0.00506195 -4.59243e-05 -0.00506174 0.999932 -0.01058 -7.04364e-06 0.01058 0.999944 0.230847 -0.252635 -0.530334
FixedParameters: 0 0 0

#Transform 184
Transform: AffineTransform_float_3_3
Parameters: 0.999988 0.0049824 -0.000588903 -0.00498831 0.999923 -0.0113973 0.000531863 0.0114007 0.999935 0.225294 -0.196667 -0.52665
FixedParameters: 0 0 0

#Transform 185
Transform: AffineTransform_float_3_3
Parameters: 0.999986 0.00524144 -0.000196168 -0.0052432 0.999927 -0.0108332 0.000139622 0.0108348 0.999942 0.2111 -0.266599 -0.509428
FixedParameters: 0 0 0

#Transform 186
Transform: AffineTransform_float_3_3
Parameters: 0.999988 0.00493547 -0.00084393 -0.00494526 0.999922 -0.011471 0.00078801 0.011475 0.999934 0.222398 -0.211609 -0.563527
FixedParameters: 0 0 0

#Transform 187
Transform: AffineTransform_float_3_3
Parameters: 0.999986 0.00537874 -0.000459864 -0.0053832 0.999922 -0.011252 0.000399533 0.011254 0.999936 0.212643 -0.288961 -0.510599
FixedParameters: 0 0 0

#Transform 188
Transform: AffineTransform_float_3_3
