#Insight Transform File V1.0
#Transform 0
Transform: AffineTransform_float_3_3
Parameters: 0.999996 -0.00159788 0.00222992 0.00160747 0.99999 -0.0040764 -0.00222314 0.0040796 0.999989 -0.00523451 -0.0344223 -0.120264
FixedParameters: 0 0 0

#Transform 1
Transform: AffineTransform_float_3_3
Parameters: 0.999996 -0.00152456 0.00247162 0.00153488 0.999989 -0.00424402 -0.00246575 0.00424798 0.999988 -0.018498 0.0363534 -0.113307
FixedParameters: 0 0 0

#Transform 2
Transform: AffineTransform_float_3_3
Parameters: 0.999996 -0.00161089 0.00223023 0.00161845 0.999992 -0.00360029 -0.00222389 0.00360371 0.999991 -0.00505955 -0.0529374 -0.0546701
FixedParameters: 0 0 0

#Transform 3
Transform: AffineTransform_float_3_3
Parameters: 0.999996 -0.00160541 0.00228542 0.00161346 0.999991 -0.00385721 -0.00227921 0.00386079 0.99999 0.0131138 7.63528e-05 -0.118951
FixedParameters: 0 0 0

#Transform 4
Transform: AffineTransform_float_3_3
Parameters: 0.999996 -0.00162591 0.00206099 0.00163346 0.999992 -0.00365154 -0.00205446 0.00365546 0.999992 0.0264744 -0.0346276 -0.0684233
FixedParameters: 0 0 0

#Transform 5
Transform: AffineTransform_float_3_3
Parameters: 0.999999 -0.000929462 0.00127552 0.000933748 0.999994 -0.0033468 -0.00127193 0.00334819 0.999993 0.0221617 0.0225169 -0.0298317
FixedParameters: 0 0 0

#Transform 6
Transform: AffineTransform_float_3_3
Parameters: 0.999999 -0.000983608 0.00115742 0.000988209 0.999992 -0.00386285 -0.00115345 0.00386415 0.999992 0.0145478 -0.0244419 -0.10461
FixedParameters: 0 0 0

#Transform 7
Transform: AffineTransform_float_3_3
Parameters: 0.999999 -0.000812175 0.00112203 0.000815251 0.999995 -0.00281908 -0.00112017 0.00281992 0.999995 0.0317552 4.99044e-05 -0.0128299
FixedParameters: 0 0 0

#Transform 8
Transform: AffineTransform_float_3_3
Parameters: 1 -0.000764377 0.00081617 0.000766926 0.999997 -0.00227837 -0.000814588 0.00227863 0.999997 -0.00473567 0.026533 -0.019563
FixedParameters: 0 0 0

#Transform 9
Transform: AffineTransform_float_3_3
Parameters: 0.999999 -0.00063524 0.000391898 0.00063657 0.999998 -0.00180875 -0.000390594 0.00180925 0.999999 0.00416816 -0.0375915 0.0158937
FixedParameters: 0 0 0

#Transform 10
Transform: AffineTransform_float_3_3
Parameters: 1 -0.000404105 0.000371685 0.000405485 0.999998 -0.00186085 -0.000370178 0.00186115 0.999998 -0.0166357 0.0594764 0.00350197
FixedParameters: 0 0 0

#Transform 11
Transform: AffineTransform_float_3_3
Parameters: 1 -0.000257718 0.00047517 0.000259057 0.999999 -0.00141088 -0.000474441 0.00141112 0.999999 -0.0107725 -0.0309457 -0.0387595
FixedParameters: 0 0 0

#Transform 12
Transform: AffineTransform_float_3_3
Parameters: 1 -8.28627e-05 0.00045588 8.38828e-05 1 -0.00111896 -0.000455694 0.00111904 1 0.0206772 0.0366968 0.0118663
FixedParameters: 0 0 0

#Transform 13
Transform: AffineTransform_float_3_3
Parameters: 1 -0.00012543 0.000347156 0.000125211 1 -0.00111896 -0.00034679 0.00111904 1 -0.024041 0.0187912 -0.0761796
FixedParameters: 0 0 0

#Transform 14
Transform: AffineTransform_float_3_3
Parameters: 1 -0.000140574 0.000172812 0.00014096 1 -0.00111898 -0.000172497 0.00111903 1 0.00786701 0.00921219 -0.000971456
FixedParameters: 0 0 0

#Transform 15
Transform: AffineTransform_float_3_3
Parameters: 1 -0.00012306 0.000374066 0.000122968 1 -0.00120895 -0.000373683 0.00120905 0.999999 -0.0141772 0.0154443 -0.062373
FixedParameters: 0 0 0

#Transform 16
Transform: AffineTransform_float_3_3
Parameters: 1 -0.000100497 -0.000163952 0.000100173 0.999999 -0.000730016 0.000163102 0.000729983 0.999999 -0.0140683 0.00494497 0.0258087
FixedParameters: 0 0 0

#Transform 17
Transform: AffineTransform_float_3_3
Parameters: 1 -9.37751e-05 -4.92235e-06 9.37658e-05 0.999999 -0.000921 5.09507e-06 0.000920999 0.999999 -0.0288302 0.018891 -0.072215
FixedParameters: 0 0 0

#Transform 18
Transform: AffineTransform_float_3_3
Parameters: 1 4.41316e-05 0.000127681 -4.40064e-05 1 -0.000490006 -0.000127724 0.000489994 1 -0.0128502 -0.00474658 0.00796835
FixedParameters: 0 0 0

#Transform 19
Transform: AffineTransform_float_3_3
Parameters: 1 -0.000169238 -0.000158011 0.000168928 0.999999 -0.000714026 0.000157256 0.000713973 0.999999 -0.0294183 0.0207232 -0.0928191
FixedParameters: 0 0 0

#Transform 20
Transform: AffineTransform_float_3_3
Parameters: 1 2.01347e-05 8.25808e-05 -2.01203e-05 1 -8.70017e-05 -8.25843e-05 8.69983e-05 1 -0.0108625 -0.0095077 -0.00686511
FixedParameters: 0 0 0

#Transform 21
Transform: AffineTransform_float_3_3
Parameters: 1 -1.96998e-05 -0.000170941 1.96471e-05 1 -0.000154003 0.000170947 0.000153997 1 -0.0295073 0.0441258 -0.0526147
FixedParameters: 0 0 0

#Transform 22
Transform: AffineTransform_float_3_3
Parameters: 1 0.000297198 -0.000198056 -0.000297216 1 0.000172059 0.000197162 -0.000171941 1 -0.00188909 -0.00482683 0.0212911
FixedParameters: 0 0 0

#Transform 23
Transform: AffineTransform_float_3_3
Parameters: 1 -5.85557e-05 -0.000167604 5.85061e-05 1 -0.00014801 0.000167622 0.00014799 1 -0.0192441 0.0621891 -0.034753
FixedParameters: 0 0 0

#Transform 24
Transform: AffineTransform_float_3_3
Parameters: 1 1.94055e-05 -0.000312793 -2.02961e-05 1 0.000169006 0.000312885 -0.000168994 1 -0.00254948 -0.0158216 0.0106763
FixedParameters: 0 0 0

#Transform 25
Transform: AffineTransform_float_3_3
Parameters: 1 -7.9475e-05 -0.000165809 7.94334e-05 1 -0.00012502 0.000165829 0.00012598 1 -0.00966425 -0.0139274 -0.0728023
FixedParameters: 0 0 0

#Transform 26
Transform: AffineTransform_float_3_3
Parameters: 1 0.000117349 -0.000399467 -0.000117264 1 0.000106047 0.000399492 -0.000105953 1 -0.00293118 0.0750304 0.000100473
FixedParameters: 0 0 0

#Transform 27
Transform: AffineTransform_float_3_3
Parameters: 1 0.000228454 -0.000192168 -0.000228464 1 0.000197044 0.000191262 -0.000196956 1 -0.0237911 -0.000857568 -0.0178773
FixedParameters: 0 0 0

#Transform 28
Transform: AffineTransform_float_3_3
Parameters: 1 0.000151133 -0.000602106 -0.000151111 1 1.9091e-05 0.000602112 -1.8909e-05 1 -0.0291636 0.0776407 -0.0219491
FixedParameters: 0 0 0

#Transform 29
Transform: AffineTransform_float_3_3
Parameters: 0.999999 0.00035802 -0.000674819 -0.000357278 1 0.000549241 0.000675212 -0.000548758 0.999999 -0.00446685 -0.0121118 0.0193422
FixedParameters: 0 0 0

#Transform 30
Transform: AffineTransform_float_3_3
Parameters: 0.999999 0.000495748 -0.000801008 -0.000495989 1 0.000471483 0.00080156 -0.000470518 1 -0.00490251 0.0694639 0.0234531
FixedParameters: 0 0 0

#Transform 31
Transform: AffineTransform_float_3_3
Parameters: 0.999999 0.000464426 -0.000625795 -0.00046412 1 0.00031329 0.000625089 -0.00031271 1 -0.0198573 -0.0152301 -0.012233
FixedParameters: 0 0 0

#Transform 32
Transform: AffineTransform_float_3_3
Parameters: 1 0.000548213 -0.0010333 -0.000547223 0.999999 0.000479651 0.00103382 -0.000478349 1 -0.00729096 0.0744616 0.030703
FixedParameters: 0 0 0

#Transform 33
Transform: AffineTransform_float_3_3
Parameters: 0.999999 0.000595682 -0.00107841 -0.000594464 1 0.000604649 0.00107813 -0.000604351 1 -0.0402871 0.0131136 0.0242524
FixedParameters: 0 0 0

#Transform 34
Transform: AffineTransform_float_3_3
Parameters: 0.999999 0.00085665 -0.00117472 -0.000855891 1 0.000784014 0.00117515 -0.000782987 0.999999 -0.0368292 0.077234 0.113556
FixedParameters: 0 0 0

#Transform 35
Transform: AffineTransform_float_3_3
Parameters: 0.999999 0.000589519 -0.00115208 -0.000587898 0.999999 0.00070377 0.00115291 -0.000703228 0.999999 -0.0502335 0.0465988 0.0317304
FixedParameters: 0 0 0

#Transform 36
Transform: AffineTransform_float_3_3
Parameters: 0.999999 0.000796912 -0.00116961 -0.000796067 1 0.000823939 0.00117001 -0.000823061 0.999999 -0.0381213 0.0748073 0.101723
FixedParameters: 0 0 0

#Transform 37
Transform: AffineTransform_float_3_3
Parameters: 1 0.000611781 -0.000894734 -0.000610794 0.999999 0.00115655 0.000895237 -0.00115545 0.999999 -0.0467753 0.0713975 0.0523843
FixedParameters: 0 0 0

#Transform 38
Transform: AffineTransform_float_3_3
Parameters: 1 0.000784813 -0.000808807 -0.000783726 0.999998 0.00139364 0.000809086 -0.00139336 0.999998 -0.0328389 0.0782913 0.13994
FixedParameters: 0 0 0

#Transform 39
Transform: AffineTransform_float_3_3
Parameters: 0.999999 0.000644433 -0.00110126 -0.000643096 0.999999 0.00109871 0.00110177 -0.00109729 0.999999 -0.0493248 0.0829522 0.0260771
FixedParameters: 0 0 0

#Transform 40
Transform: AffineTransform_float_3_3
Parameters: 0.999999 0.000763972 -0.000999498 -0.000762712 0.999999 0.00166877 0.00100122 -0.00166823 0.999998 -0.042311 0.0498614 0.12529
FixedParameters: 0 0 0

#Transform 41
Transform: AffineTransform_float_3_3
Parameters: 0.999999 0.00059036 -0.00115165 -0.000588138 0.999999 0.00143476 0.00115243 -0.00143324 0.999999 -0.0574342 0.0736751 0.027914
FixedParameters: 0 0 0

#Transform 42
Transform: AffineTransform_float_3_3
Parameters: 0.999999 0.000595369 -0.00109949 -0.00059301 0.999998 0.00201675 0.00110106 -0.00201625 0.999998 -0.0350321 0.0691097 0.129482
FixedParameters: 0 0 0

#Transform 43
Transform: AffineTransform_float_3_3
Parameters: 0.999999 0.000573501 -0.00135385 -0.000571316 0.999999 0.00157378 0.00135483 -0.00157322 0.999998 -0.068749 0.100449 0.0606875
FixedParameters: 0 0 0

#Transform 44
Transform: AffineTransform_float_3_3
Parameters: 0.999998 0.00106781 -0.00157047 -0.00106447 0.999997 0.00206969 0.00157315 -0.00206831 0.999996 -0.0659891 0.0476075 0.142079
FixedParameters: 0 0 0

#Transform 45
Transform: AffineTransform_float_3_3
Parameters: 0.999998 0.00101053 -0.00132251 -0.00100873 0.999999 0.00146534 0.00132464 -0.00146366 0.999998 -0.071963 0.103558 0.0600369
FixedParameters: 0 0 0

#Transform 46
Transform: AffineTransform_float_3_3
Parameters: 0.999998 0.00123198 -0.00148906 -0.00122847 0.999998 0.00193385 0.001491 -0.00193215 0.999997 -0.0603326 0.0521298 0.157535
FixedParameters: 0 0 0

#Transform 47
Transform: AffineTransform_float_3_3
Parameters: 0.999998 0.00123208 -0.00148989 -0.00123028 0.999999 0.00132985 0.00149134 -0.00132815 0.999998 -0.0886935 0.11772 0.0773314
FixedParameters: 0 0 0

#Transform 48
Transform: AffineTransform_float_3_3
Parameters: 0.999998 0.00136033 -0.00150001 -0.00135817 0.999998 0.00180406 0.00150217 -0.00180195 0.999998 -0.074448 0.0541928 0.15492
FixedParameters: 0 0 0

#Transform 49
Transform: AffineTransform_float_3_3
Parameters: 0.999999 0.00131798 -0.00108131 -0.00131572 0.999998 0.00158343 0.00108357 -0.00158157 0.999998 -0.082535 0.11346 0.059248
FixedParameters: 0 0 0

#Transform 50
Transform: AffineTransform_float_3_3
Parameters: 0.999998 0.00156898 -0.00122911 -0.0015662 0.999996 0.00204094 0.00123269 -0.00203906 0.999997 -0.0611885 0.0867597 0.161203
FixedParameters: 0 0 0

#Transform 51
Transform: AffineTransform_float_3_3
Parameters: 0.999998 0.00134248 -0.00149935 -0.00133899 0.999997 0.00191203 0.00150166 -0.00191097 0.999997 -0.0997166 0.110592 0.0718182
FixedParameters: 0 0 0

#Transform 52
Transform: AffineTransform_float_3_3
Parameters: 0.999998 0.00160027 -0.00123117 -0.00159776 0.999996 0.0023689 0.00123501 -0.0023671 0.999996 -0.0688519 0.0793863 0.162536
FixedParameters: 0 0 0

#Transform 53
Transform: AffineTransform_float_3_3
Parameters: 0.999997 0.00164874 -0.00139976 -0.00164591 0.999997 0.00181224 0.0014029 -0.00180976 0.999997 -0.0878664 0.0833002 0.0988014
FixedParameters: 0 0 0

#Transform 54
Transform: AffineTransform_float_3_3
Parameters: 0.999998 0.00159769 -0.0012964 -0.00159422 0.999996 0.002239 0.00129973 -0.002237 0.999996 -0.0741024 0.106497 0.158662
FixedParameters: 0 0 0

#Transform 55
Transform: AffineTransform_float_3_3
Parameters: 0.999997 0.00157515 -0.00155916 -0.00157184 0.999997 0.00181047 0.00156104 -0.00180753 0.999997 -0.0937652 0.0779336 0.0807138
FixedParameters: 0 0 0

#Transform 56
Transform: AffineTransform_float_3_3
Parameters: 0.999997 0.00158774 -0.00142137 -0.00158364 0.999995 0.00261119 0.00142592 -0.00260881 0.999995 -0.0820638 0.115197 0.167587
FixedParameters: 0 0 0

#Transform 57
Transform: AffineTransform_float_3_3
Parameters: 0.999998 0.00148403 -0.00142032 -0.00148082 0.999996 0.00227204 0.00142432 -0.00226996 0.999996 -0.0898935 0.0849475 0.126469
FixedParameters: 0 0 0

#Transform 58
Transform: AffineTransform_float_3_3
Parameters: 0.999997 0.00158173 -0.00149863 -0.00157741 0.999995 0.0029103 0.00150318 -0.0029077 0.999994 -0.0832156 0.138031 0.213761
FixedParameters: 0 0 0

#Transform 59
Transform: AffineTransform_float_3_3
Parameters: 0.999997 0.00158266 -0.00148038 -0.00157873 0.999995 0.00247736 0.00148349 -0.00247563 0.999996 -0.0882317 0.0728886 0.135301
FixedParameters: 0 0 0

#Transform 60
Transform: AffineTransform_float_3_3
Parameters: 0.999998 0.00156241 -0.00173184 -0.00155676 0.999995 0.00290463 0.00173626 -0.00290137 0.999994 -0.0831573 0.109835 0.1649
FixedParameters: 0 0 0

#Transform 61
Transform: AffineTransform_float_3_3
Parameters: 0.999998 0.00109711 -0.00119934 -0.00109482 0.999996 0.00230632 0.00120166 -0.00230468 0.999996 -0.0941963 0.139627 0.10048
FixedParameters: 0 0 0

#Transform 62
Transform: AffineTransform_float_3_3
Parameters: 0.999998 0.00163243 -0.0015123 -0.00162879 0.999995 0.00265941 0.00151633 -0.00265759 0.999995 -0.0934854 0.0480193 0.139093
FixedParameters: 0 0 0

#Transform 63
Transform: AffineTransform_float_3_3
Parameters: 0.999999 0.00157465 -0.000945569 -0.00157309 0.999996 0.00205651 0.000948226 -0.0020555 0.999998 -0.108281 0.114998 0.0700348
FixedParameters: 0 0 0

#Transform 64
Transform: AffineTransform_float_3_3
Parameters: 0.999998 0.00157629 -0.0011632 -0.00157215 0.999994 0.00281485 0.00116725 -0.00281315 0.999996 -0.0816867 0.058613 0.156737
FixedParameters: 0 0 0

#Transform 65
Transform: AffineTransform_float_3_3
Parameters: 0.999999 0.00141376 -0.00109632 -0.00141196 0.999997 0.00229348 0.00110007 -0.00229252 0.999997 -0.0920948 0.128026 0.0462037
FixedParameters: 0 0 0

#Transform 66
Transform: AffineTransform_float_3_3
Parameters: 0.999998 0.00166852 -0.00117153 -0.00166616 0.999995 0.00242288 0.00117588 -0.00242111 0.999996 -0.083935 0.0471683 0.109748
FixedParameters: 0 0 0

#Transform 67
Transform: AffineTransform_float_3_3
Parameters: 0.999998 0.00167013 -0.00117224 -0.00166753 0.999997 0.00210289 0.00117544 -0.00210111 0.999997 -0.0988914 0.124516 0.0562108
FixedParameters: 0 0 0

#Transform 68
Transform: AffineTransform_float_3_3
Parameters: 0.999998 0.00171864 -0.00117525 -0.00171576 0.999995 0.00267595 0.00117971 -0.00267405 0.999996 -0.110273 0.0368987 0.0853847
FixedParameters: 0 0 0

#Transform 69
Transform: AffineTransform_float_3_3
Parameters: 0.999997 0.00177435 -0.00118162 -0.00177247 0.999997 0.00174503 0.00118499 -0.00174297 0.999998 -0.130398 0.100579 0.0217917
FixedParameters: 0 0 0

#Transform 70
Transform: AffineTransform_float_3_3
Parameters: 0.999997 0.00211006 -0.00114797 -0.00210685 0.999995 0.00248627 0.00115264 -0.00248373 0.999997 -0.113291 0.0462912 0.092922
FixedParameters: 0 0 0

#Transform 71
Transform: AffineTransform_float_3_3
Parameters: 0.999997 0.00205334 -0.00120509 -0.00205151 0.999997 0.00172732 0.00120836 -0.00172468 0.999998 -0.128423 0.0863623 0.00347051
FixedParameters: 0 0 0

#Transform 72
Transform: AffineTransform_float_3_3
Parameters: 0.999998 0.00204342 -0.00109314 -0.00204028 0.999994 0.00253717 0.00109869 -0.00253483 0.999997 -0.112551 0.0809195 0.113951
FixedParameters: 0 0 0

#Transform 73
Transform: AffineTransform_float_3_3
Parameters: 0.999997 0.00194543 -0.000868937 -0.00194394 0.999995 0.00219362 0.00087365 -0.00219138 0.999998 -0.122919 0.0966487 0.0268298
FixedParameters: 0 0 0

#Transform 74
Transform: AffineTransform_float_3_3
Parameters: 0.999997 0.00224918 -0.00100469 -0.00224718 0.999995 0.00219411 0.00100974 -0.00219189 0.999997 -0.113888 0.0894988 0.138733
FixedParameters: 0 0 0

#Transform 75
Transform: AffineTransform_float_3_3
Parameters: 0.999997 0.00192515 -0.000919425 -0.00192345 0.999995 0.0021937 0.00092405 -0.0021923 0.999998 -0.122335 0.0932252 0.0269486
FixedParameters: 0 0 0

#Transform 76
Transform: AffineTransform_float_3_3
Parameters: 0.999997 0.00208257 -0.00065809 -0.00208077 0.999995 0.00244221 0.000663358 -0.00244079 0.999997 -0.0950097 0.0796972 0.103363
FixedParameters: 0 0 0

#Transform 77
Transform: AffineTransform_float_3_3
Parameters: 0.999998 0.00224758 -0.000494339 -0.00224698 0.999996 0.00195087 0.000499206 -0.00195013 0.999998 -0.122919 0.0949774 0.0309421
FixedParameters: 0 0 0

#Transform 78
Transform: AffineTransform_float_3_3
Parameters: 0.999998 0.00230317 -0.000359036 -0.00230281 0.999994 0.00258358 0.000365043 -0.00258341 0.999996 -0.118739 0.0784636 0.0839417
FixedParameters: 0 0 0

#Transform 79
Transform: AffineTransform_float_3_3
Parameters: 0.999998 0.00219826 -0.000245036 -0.00219742 0.999995 0.00254529 0.000251242 -0.00254471 0.999996 -0.123939 0.109814 0.0380909
FixedParameters: 0 0 0

#Transform 80
Transform: AffineTransform_float_3_3
Parameters: 0.999997 0.00207398 -0.000474394 -0.00207263 0.999993 0.00308283 0.000480287 -0.00308217 0.999995 -0.0996275 0.0559218 0.0454799
FixedParameters: 0 0 0

#Transform 81
Transform: AffineTransform_float_3_3
Parameters: 0.999998 0.00196701 -0.000456239 -0.00196602 0.999995 0.00272473 0.00046106 -0.00272327 0.999996 -0.105002 0.125363 0.0220717
FixedParameters: 0 0 0

#Transform 82
Transform: AffineTransform_float_3_3
Parameters: 0.999998 0.00197503 -0.000202909 -0.00197414 0.999991 0.00379524 0.000209925 -0.00379476 0.999993 -0.0923655 0.0578469 0.0165414
FixedParameters: 0 0 0

#Transform 83
Transform: AffineTransform_float_3_3
Parameters: 0.999998 0.0018908 -0.000447623 -0.00188895 0.99999 0.00391377 0.00045453 -0.00391322 0.999993 -0.093076 0.128337 0.0278757
FixedParameters: 0 0 0

#Transform 84
Transform: AffineTransform_float_3_3
Parameters: 0.999998 0.00189985 -0.00044802 -0.00189784 0.99999 0.00409069 0.000455667 -0.00408931 0.999991 -0.0861544 0.0702299 -0.00482753
FixedParameters: 0 0 0

#Transform 85
Transform: AffineTransform_float_3_3
Parameters: 0.999998 0.00157506 -0.000421035 -0.00157293 0.999989 0.00438759 0.000427958 -0.00438741 0.999991 -0.0890851 0.105253 0.0275035
FixedParameters: 0 0 0

#Transform 86
Transform: AffineTransform_float_3_3
Parameters: 0.999998 0.00200175 -0.000455282 -0.00199928 0.999988 0.00460775 0.000464833 -0.00460625 0.99999 -0.10292 0.107364 -0.0201138
FixedParameters: 0 0 0

#Transform 87
Transform: AffineTransform_float_3_3
Parameters: 0.999998 0.00190135 -0.00044599 -0.0018995 0.999984 0.00520178 0.000455967 -0.00520122 0.999987 -0.0946437 0.0869264 -0.000782608
FixedParameters: 0 0 0

#Transform 88
Transform: AffineTransform_float_3_3
Parameters: 0.999998 0.00184628 -0.000442585 -0.00184489 0.999988 0.00465566 0.000450971 -0.00465435 0.999989 -0.106909 0.139601 -0.0064565
FixedParameters: 0 0 0

#Transform 89
Transform: AffineTransform_float_3_3
Parameters: 0.999998 0.00216626 -0.000733619 -0.00216221 0.999983 0.00545144 0.000745512 -0.00544956 0.999985 -0.10362 0.0641974 0.00943765
FixedParameters: 0 0 0

#Transform 90
Transform: AffineTransform_float_3_3
Parameters: 0.999998 0.00192104 -0.000325539 -0.00191958 0.999986 0.00501747 0.00033493 -0.00501654 0.999988 -0.119003 0.143706 -0.0240372
FixedParameters: 0 0 0

#Transform 91
Transform: AffineTransform_float_3_3
Parameters: 0.999997 0.00215016 -0.000546706 -0.00214714 0.999983 0.00546302 0.000558393 -0.00546098 0.999985 -0.102677 0.0779853 -0.00605826
FixedParameters: 0 0 0

#Transform 92
Transform: AffineTransform_float_3_3
Parameters: 0.999998 0.00228109 -0.000476714 -0.00227815 0.999984 0.00513385 0.000488248 -0.00513315 0.999987 -0.137624 0.150967 -0.0486881
FixedParameters: 0 0 0

#Transform 93
Transform: AffineTransform_float_3_3
Parameters: 0.999996 0.00258023 -0.000500205 -0.00257798 0.999982 0.00536597 0.000514103 -0.00536502 0.999985 -0.132796 0.0519624 -0.0345569
FixedParameters: 0 0 0

#Transform 94
Transform: AffineTransform_float_3_3
Parameters: 0.999995 0.00292122 -0.00047602 -0.0029185 0.999983 0.00516599 0.000491325 -0.00516501 0.999986 -0.139759 0.141191 -0.0482015
FixedParameters: 0 0 0

#Transform 95
Transform: AffineTransform_float_3_3
Parameters: 0.999995 0.00292231 -0.000526655 -0.00291965 0.99998 0.00571314 0.000543257 -0.00571086 0.999983 -0.142533 0.0764949 -0.0458151
FixedParameters: 0 0 0

#Transform 96
Transform: AffineTransform_float_3_3
Parameters: 0.999995 0.00291056 -0.000731621 -0.00290643 0.999984 0.00495273 0.000746646 -0.00495027 0.999987 -0.160449 0.155261 -0.0669611
FixedParameters: 0 0 0

#Transform 97
Transform: AffineTransform_float_3_3
Parameters: 0.999994 0.00334049 -0.000739836 -0.00333598 0.99998 0.00536999 0.000757916 -0.005367 0.999985 -0.161274 0.0690793 -0.0484532
FixedParameters: 0 0 0

#Transform 98
Transform: AffineTransform_float_3_3
Parameters: 0.999994 0.00335318 -0.000593782 -0.00334939 0.99998 0.0052526 0.000611132 -0.0052504 0.999986 -0.181885 0.162559 -0.0505454
FixedParameters: 0 0 0

#Transform 99
Transform: AffineTransform_float_3_3
Parameters: 0.999993 0.00353321 -0.000451342 -0.00353088 0.99998 0.00536903 0.000470417 -0.00536697 0.999985 -0.175123 0.0748592 -0.0350128
FixedParameters: 0 0 0

#Transform 100
Transform: AffineTransform_float_3_3
Parameters: 0.999994 0.0035834 -0.000812099 -0.00357846 0.99998 0.00521045 0.000830646 -0.00520756 0.999986 -0.189694 0.162395 -9.09887e-05
FixedParameters: 0 0 0

#Transform 101
Transform: AffineTransform_float_3_3
Parameters: 0.999993 0.00384457 -0.000769616 -0.00384134 0.99998 0.00503041 0.000789594 -0.00502758 0.999987 -0.188156 0.0672597 -0.039414
FixedParameters: 0 0 0

#Transform 102
Transform: AffineTransform_float_3_3
Parameters: 0.999991 0.00400519 -0.000681245 -0.00400194 0.999979 0.0050301 0.000701757 -0.0050279 0.999987 -0.188969 0.153704 -0.0381322
FixedParameters: 0 0 0

#Transform 103
Transform: AffineTransform_float_3_3
Parameters: 0.999992 0.00392278 -0.000695044 -0.00391944 0.99998 0.00493409 0.000714966 -0.00493091 0.999987 -0.185836 0.0703221 -0.0662201
FixedParameters: 0 0 0

#Transform 104
Transform: AffineTransform_float_3_3
Parameters: 0.999992 0.00397781 -0.00105961 -0.00397247 0.999979 0.0051946 0.00108031 -0.00519041 0.999986 -0.177419 0.142505 -0.0343054
FixedParameters: 0 0 0

#Transform 105
Transform: AffineTransform_float_3_3
Parameters: 0.999993 0.00379844 -0.000828145 -0.00379544 0.999983 0.00449851 0.000844617 -0.00449549 0.999989 -0.193507 0.097431 -0.0626994
FixedParameters: 0 0 0

#Transform 106
Transform: AffineTransform_float_3_3
Parameters: 0.999993 0.00378689 -0.000789938 -0.00378308 0.999979 0.00531836 0.000810518 -0.00531564 0.999985 -0.181933 0.1287 -0.00866098
FixedParameters: 0 0 0

#Transform 107
Transform: AffineTransform_float_3_3
Parameters: 0.999992 0.00384597 -0.00104996 -0.0038411 0.99998 0.0049475 0.00106939 -0.0049435 0.999988 -0.188716 0.127449 -0.0722759
FixedParameters: 0 0 0

#Transform 108
Transform: AffineTransform_float_3_3
Parameters: 0.999993 0.00378855 -0.000807567 -0.0037834 0.999978 0.00546451 0.000828177 -0.00546049 0.999985 -0.17323 0.129523 -0.0131956
FixedParameters: 0 0 0

#Transform 109
Transform: AffineTransform_float_3_3
Parameters: 0.999992 0.00405986 -0.00083399 -0.00405576 0.999981 0.00457976 0.000852384 -0.00457625 0.99999 -0.193535 0.135441 -0.0545721
FixedParameters: 0 0 0

#Transform 110
Transform: AffineTransform_float_3_3
Parameters: 0.99999 0.00420222 -0.0010771 -0.00419658 0.999977 0.00532782 0.00109925 -0.00532317 0.999985 -0.197063 0.120464 0.00812614
FixedParameters: 0 0 0

#Transform 111
Transform: AffineTransform_float_3_3
Parameters: 0.999991 0.00423748 -0.00108245 -0.0042319 0.99998 0.00474689 0.00110196 -0.00474212 0.999989 -0.216972 0.135598 -0.0637037
FixedParameters: 0 0 0

#Transform 112
Transform: AffineTransform_float_3_3
Parameters: 0.99999 0.00436858 -0.000943244 -0.00436321 0.999976 0.00549733 0.000966574 -0.00549267 0.999984 -0.199258 0.128932 -0.00211108
FixedParameters: 0 0 0

#Transform 113
Transform: AffineTransform_float_3_3
Parameters: 0.999991 0.00416911 -0.000551996 -0.00416624 0.999978 0.00503267 0.000573098 -0.00503033 0.999988 -0.19887 0.128372 -0.0871124
FixedParameters: 0 0 0

#Transform 114
Transform: AffineTransform_float_3_3
Parameters: 0.99999 0.00441921 -0.000524378 -0.00441647 0.999976 0.00540053 0.00054826 -0.00539848 0.999986 -0.19206 0.123031 -0.0021165
FixedParameters: 0 0 0

#Transform 115
Transform: AffineTransform_float_3_3
Parameters: 0.99999 0.00449994 -0.000830273 -0.00449505 0.999975 0.00530195 0.000854206 -0.00529805 0.999985 -0.228114 0.145773 -0.116281
FixedParameters: 0 0 0

#Transform 116
Transform: AffineTransform_float_3_3
Parameters: 0.999986 0.00506846 -0.000932918 -0.00506292 0.999973 0.0051547 0.000959387 -0.00515029 0.999986 -0.215841 0.115383 -0.0177287
FixedParameters: 0 0 0

#Transform 117
Transform: AffineTransform_float_3_3
Parameters: 0.999988 0.00479144 -0.00112001 -0.00478623 0.999976 0.00500651 0.00114336 -0.0050005 0.999987 -0.236466 0.144975 -0.119071
FixedParameters: 0 0 0

#Transform 118
Transform: AffineTransform_float_3_3
Parameters: 0.999988 0.00486219 -0.00076789 -0.00485791 0.999972 0.00554878 0.000794076 -0.00554422 0.999984 -0.210388 0.110019 -0.0428474
FixedParameters: 0 0 0

#Transform 119
Transform: AffineTransform_float_3_3
Parameters: 0.999988 0.00478189 -0.00107503 -0.00477639 0.999977 0.00481328 0.00109835 -0.00480772 0.999988 -0.229742 0.1282 -0.102009
FixedParameters: 0 0 0

#Transform 120
Transform: AffineTransform_float_3_3
Parameters: 0.999987 0.00499791 -0.00118938 -0.00499108 0.999973 0.00548993 0.00121664 -0.00548407 0.999984 -0.227938 0.0998377 -0.051651
FixedParameters: 0 0 0

#Transform 121
Transform: AffineTransform_float_3_3
Parameters: 0.999987 0.00490418 -0.000879723 -0.00490017 0.999975 0.00512136 0.000905259 -0.00511663 0.999986 -0.251766 0.145535 -0.122834
FixedParameters: 0 0 0

#Transform 122
Transform: AffineTransform_float_3_3
Parameters: 0.999987 0.00499971 -0.000903885 -0.00499512 0.999972 0.00543558 0.000930552 -0.00543141 0.999985 -0.216981 0.091664 -0.0583037
FixedParameters: 0 0 0

#Transform 123
Transform: AffineTransform_float_3_3
Parameters: 0.999987 0.00511724 -0.000937778 -0.00511271 0.999974 0.00516869 0.000963987 -0.00516431 0.999986 -0.230102 0.161602 -0.115003
FixedParameters: 0 0 0

#Transform 124
Transform: AffineTransform_float_3_3
Parameters: 0.999987 0.00507092 -0.000578938 -0.00506797 0.999972 0.0053569 0.000605425 -0.00535409 0.999985 -0.236114 0.0791428 -0.0927687
FixedParameters: 0 0 0

#Transform 125
Transform: AffineTransform_float_3_3
Parameters: 0.999987 0.00497249 -0.00118949 -0.00496652 0.999975 0.0050659 0.00121425 -0.00506011 0.999986 -0.24703 0.170471 -0.0964313
FixedParameters: 0 0 0

#Transform 126
Transform: AffineTransform_float_3_3
Parameters: 0.999987 0.00507429 -0.00119714 -0.00506806 0.999974 0.00517406 0.00122303 -0.00516794 0.999986 -0.239452 0.063987 -0.076737
FixedParameters: 0 0 0

#Transform 127
Transform: AffineTransform_float_3_3
Parameters: 0.999987 0.00479675 -0.00129808 -0.00479071 0.999978 0.00458237 0.00131941 -0.00457563 0.999989 -0.255241 0.14366 -0.11494
FixedParameters: 0 0 0

#Transform 128
Transform: AffineTransform_float_3_3
Parameters: 0.999986 0.00517211 -0.00120441 -0.00516561 0.999973 0.00528913 0.0012315 -0.00528287 0.999985 -0.24095 0.0776634 -0.0626795
FixedParameters: 0 0 0

#Transform 129
Transform: AffineTransform_float_3_3
Parameters: 0.999987 0.00513871 -0.000867281 -0.00513469 0.999976 0.00458943 0.000890664 -0.00458458 0.999989 -0.261868 0.143878 -0.135779
FixedParameters: 0 0 0

#Transform 130
Transform: AffineTransform_float_3_3
Parameters: 0.999987 0.0049975 -0.00119108 -0.0049914 0.999974 0.00515102 0.00121594 -0.00514399 0.999986 -0.241151 0.0940111 -0.101272
FixedParameters: 0 0 0

#Transform 131
Transform: AffineTransform_float_3_3
Parameters: 0.999988 0.0049314 -0.000876385 -0.00492688 0.999976 0.00482337 0.00090017 -0.00481863 0.999988 -0.228003 0.142516 -0.115803
FixedParameters: 0 0 0

#Transform 132
Transform: AffineTransform_float_3_3
Parameters: 0.999989 0.00470607 -0.0010321 -0.00470113 0.999978 0.004746 0.00105406 -0.00474101 0.999989 -0.222899 0.0808862 -0.111922
FixedParameters: 0 0 0

#Transform 133
Transform: AffineTransform_float_3_3
Parameters: 0.999989 0.00458399 -0.00100573 -0.00457875 0.999976 0.00505283 0.00102835 -0.00504817 0.999987 -0.214335 0.152419 -0.08183
FixedParameters: 0 0 0

#Transform 134
Transform: AffineTransform_float_3_3
Parameters: 0.999988 0.00472404 -0.00117048 -0.00471762 0.999977 0.00485467 0.00119263 -0.00484933 0.999987 -0.228954 0.0953564 -0.130595
FixedParameters: 0 0 0

#Transform 135
Transform: AffineTransform_float_3_3
Parameters: 0.999987 0.00498992 -0.000910987 -0.00498578 0.999974 0.00506661 0.000935861 -0.00506239 0.999987 -0.211386 0.125257 -0.0514241
FixedParameters: 0 0 0

#Transform 136
Transform: AffineTransform_float_3_3
Parameters: 0.999987 0.00495205 -0.00105548 -0.00494673 0.999976 0.00485329 0.00107985 -0.00484871 0.999988 -0.243194 0.127387 -0.14628
FixedParameters: 0 0 0

#Transform 137
Transform: AffineTransform_float_3_3
Parameters: 0.999986 0.00518251 -0.00138412 -0.00517571 0.999974 0.00504408 0.00140986 -0.00503692 0.999986 -0.227144 0.111685 -0.0441462
FixedParameters: 0 0 0

#Transform 138
Transform: AffineTransform_float_3_3
Parameters: 0.999987 0.00483489 -0.00117857 -0.00482904 0.999976 0.00503176 0.0012026 -0.00502525 0.999987 -0.228189 0.13794 -0.16116
FixedParameters: 0 0 0

#Transform 139
Transform: AffineTransform_float_3_3
Parameters: 0.999987 0.00501973 -0.000792508 -0.00501516 0.999972 0.00555795 0.000820536 -0.00555404 0.999984 -0.196056 0.117518 -0.052432
FixedParameters: 0 0 0

#Transform 140
Transform: AffineTransform_float_3_3
Parameters: 0.999988 0.00465931 -0.00103423 -0.00465385 0.999974 0.00561296 0.00105992 -0.00560804 0.999984 -0.210006 0.146869 -0.161748
FixedParameters: 0 0 0

#Transform 141
Transform: AffineTransform_float_3_3
Parameters: 0.999987 0.004892 -0.000795973 -0.00488743 0.999973 0.00542495 0.000823273 -0.00542105 0.999985 -0.18985 0.0887341 -0.101742
FixedParameters: 0 0 0

#Transform 142
Transform: AffineTransform_float_3_3
Parameters: 0.999989 0.00469749 -0.000967941 -0.00469239 0.999975 0.00521968 0.000992276 -0.00521432 0.999986 -0.19986 0.151583 -0.125446
FixedParameters: 0 0 0

#Transform 143
Transform: AffineTransform_float_3_3
Parameters: 0.99999 0.00439833 -0.000585444 -0.0043956 0.999974 0.00572978 0.000611083 -0.00572721 0.999983 -0.190997 0.0799189 -0.114501
FixedParameters: 0 0 0

#Transform 144
Transform: AffineTransform_float_3_3
Parameters: 0.99999 0.00442063 -0.000718591 -0.00441685 0.999976 0.00529439 0.000742623 -0.00529161 0.999986 -0.192589 0.158664 -0.141451
FixedParameters: 0 0 0

#Transform 145
Transform: AffineTransform_float_3_3
Parameters: 0.99999 0.00459708 -0.000583377 -0.00459375 0.999975 0.00549281 0.00060803 -0.00549019 0.999985 -0.188802 0.0861519 -0.123064
FixedParameters: 0 0 0

#Transform 146
Transform: AffineTransform_float_3_3
Parameters: 0.999989 0.00455592 -0.000985468 -0.00455086 0.999974 0.00568963 0.0010107 -0.00568537 0.999983 -0.19672 0.164914 -0.107973
FixedParameters: 0 0 0

#Transform 147
Transform: AffineTransform_float_3_3
Parameters: 0.999989 0.00453359 -0.00115139 -0.00452764 0.999974 0.00565237 0.00117711 -0.00564763 0.999983 -0.202345 0.0781092 -0.148182
FixedParameters: 0 0 0

#Transform 148
Transform: AffineTransform_float_3_3
Parameters: 0.999988 0.00467774 -0.000980104 -0.00467271 0.999973 0.00570265 0.00100685 -0.00569836 0.999983 -0.209012 0.168678 -0.116365
FixedParameters: 0 0 0

#Transform 149
Transform: AffineTransform_float_3_3
Parameters: 0.999988 0.00480955 -0.000974268 -0.00480385 0.999973 0.00556483 0.0010011 -0.00556017 0.999984 -0.218875 0.0731246 -0.145102
FixedParameters: 0 0 0

#Transform 150
Transform: AffineTransform_float_3_3
Parameters: 0.999988 0.00481956 -0.00104098 -0.00481328 0.99997 0.00603508 0.00107054 -0.00602991 0.999981 -0.221006 0.174905 -0.125077
FixedParameters: 0 0 0

#Transform 151
Transform: AffineTransform_float_3_3
Parameters: 0.999987 0.00501854 -0.000846862 -0.00501293 0.99997 0.00589832 0.000876289 -0.00589369 0.999983 -0.231345 0.0941859 -0.155764
FixedParameters: 0 0 0

#Transform 152
Transform: AffineTransform_float_3_3
Parameters: 0.999986 0.00528352 -0.00113526 -0.00527641 0.999968 0.0060099 0.00116715 -0.00600309 0.999981 -0.242319 0.174325 -0.12101
FixedParameters: 0 0 0

#Transform 153
Transform: AffineTransform_float_3_3
Parameters: 0.999985 0.00545236 -0.00053971 -0.00544948 0.999967 0.00602276 0.000572562 -0.00602024 0.999982 -0.236692 0.0689151 -0.11872
FixedParameters: 0 0 0

#Transform 154
Transform: AffineTransform_float_3_3
Parameters: 0.999986 0.00522601 -0.00102269 -0.00521993 0.99997 0.00556533 0.00105215 -0.00555966 0.999984 -0.240941 0.162885 -0.122553
FixedParameters: 0 0 0

#Transform 155
Transform: AffineTransform_float_3_3
Parameters: 0.999985 0.00541848 -0.000612941 -0.00541458 0.999965 0.00626323 0.000645987 -0.00625978 0.999981 -0.23584 0.0925415 -0.122171
FixedParameters: 0 0 0

#Transform 156
Transform: AffineTransform_float_3_3
Parameters: 0.999985 0.00533406 -0.00065126 -0.00533007 0.99997 0.00572628 0.000681506 -0.00572272 0.999983 -0.255965 0.164769 -0.151179
FixedParameters: 0 0 0

#Transform 157
Transform: AffineTransform_float_3_3
Parameters: 0.999988 0.00498223 -0.000371461 -0.00497893 0.999967 0.00649883 0.000404221 -0.00649718 0.999979 -0.236346 0.094839 -0.167563
FixedParameters: 0 0 0

#Transform 158
Transform: AffineTransform_float_3_3
Parameters: 0.999988 0.00500193 -0.00054011 -0.0049987 0.999969 0.00618768 0.000571178 -0.00618532 0.999981 -0.223494 0.173628 -0.18096
FixedParameters: 0 0 0

#Transform 159
Transform: AffineTransform_float_3_3
Parameters: 0.999986 0.00519776 -0.000879427 -0.00519214 0.999965 0.00643056 0.000912595 -0.00642544 0.999979 -0.233255 0.0961505 -0.189414
FixedParameters: 0 0 0

#Transform 160
Transform: AffineTransform_float_3_3
Parameters: 0.999987 0.00499938 -0.00088158 -0.00499338 0.999961 0.0072574 0.000918552 -0.00725259 0.999973 -0.230737 0.172891 -0.184708
FixedParameters: 0 0 0

#Transform 161
Transform: AffineTransform_float_3_3
Parameters: 0.999985 0.00545645 -0.000743689 -0.00545112 0.999961 0.00693089 0.000781573 -0.00692611 0.999976 -0.242081 0.101961 -0.183812
FixedParameters: 0 0 0

#Transform 162
Transform: AffineTransform_float_3_3
Parameters: 0.999984 0.00558267 -0.000861266 -0.00557656 0.99996 0.00705458 0.000901367 -0.00705042 0.999975 -0.248244 0.177462 -0.142781
FixedParameters: 0 0 0

#Transform 163
Transform: AffineTransform_float_3_3
Parameters: 0.999985 0.00544213 -0.000874807 -0.00543601 0.999961 0.0069606 0.000911898 -0.0069554 0.999975 -0.245402 0.106164 -0.210399
FixedParameters: 0 0 0

#Transform 164
Transform: AffineTransform_float_3_3
Parameters: 0.999984 0.00553299 -0.000960187 -0.00552586 0.999957 0.00750008 0.0010016 -0.00749492 0.999971 -0.234046 0.168131 -0.150461
FixedParameters: 0 0 0

#Transform 165
Transform: AffineTransform_float_3_3
Parameters: 0.999985 0.00544731 -0.000757524 -0.00544185 0.999961 0.00683796 0.00079527 -0.00683403 0.999976 -0.253815 0.134069 -0.194985
FixedParameters: 0 0 0

#Transform 166
Transform: AffineTransform_float_3_3
Parameters: 0.999985 0.00537891 -0.00101821 -0.00537107 0.999959 0.00734333 0.00105761 -0.00733768 0.999972 -0.226901 0.151622 -0.127052
FixedParameters: 0 0 0

#Transform 167
Transform: AffineTransform_float_3_3
Parameters: 0.999985 0.00551138 -0.00102927 -0.00550363 0.999959 0.00722044 0.00106926 -0.00721456 0.999973 -0.257038 0.15897 -0.221721
FixedParameters: 0 0 0

#Transform 168
Transform: AffineTransform_float_3_3
Parameters: 0.999982 0.00581255 -0.000860046 -0.00580632 0.999956 0.00726568 0.000902845 -0.0072603 0.999973 -0.251484 0.140851 -0.12891
FixedParameters: 0 0 0

#Transform 169
Transform: AffineTransform_float_3_3
Parameters: 0.999983 0.00570877 -0.00104474 -0.00570096 0.999958 0.00722466 0.00108564 -0.00721934 0.999973 -0.261437 0.175718 -0.219104
FixedParameters: 0 0 0

#Transform 170
Transform: AffineTransform_float_3_3
Parameters: 0.999982 0.00594642 -0.000637533 -0.00594116 0.999953 0.0076494 0.000683696 -0.00764559 0.99997 -0.251857 0.120708 -0.145163
FixedParameters: 0 0 0

#Transform 171
Transform: AffineTransform_float_3_3
Parameters: 0.999984 0.00553769 -0.000913747 -0.00553111 0.999956 0.00761883 0.000955548 -0.00761318 0.99997 -0.258093 0.19356 -0.17291
FixedParameters: 0 0 0

#Transform 172
Transform: AffineTransform_float_3_3
Parameters: 0.999983 0.005872 -0.000937757 -0.00586378 0.999951 0.00797021 0.00098369 -0.0079638 0.999968 -0.239468 0.136109 -0.155111
FixedParameters: 0 0 0

#Transform 173
Transform: AffineTransform_float_3_3
Parameters: 0.999982 0.00592068 -0.000942631 -0.00591364 0.999952 0.0077882 0.000988282 -0.00778279 0.999969 -0.26384 0.217339 -0.154034
FixedParameters: 0 0 0

#Transform 174
Transform: AffineTransform_float_3_3
Parameters: 0.999979 0.00636739 -0.001223 -0.00635693 0.999949 0.00797119 0.00127299 -0.00796282 0.999967 -0.273557 0.125798 -0.168856
FixedParameters: 0 0 0

#Transform 175
Transform: AffineTransform_float_3_3
Parameters: 0.999979 0.00641183 -0.00072868 -0.00640519 0.999947 0.00801206 0.000779622 -0.00800794 0.999968 -0.285545 0.218264 -0.204361
FixedParameters: 0 0 0

#Transform 176
Transform: AffineTransform_float_3_3
Parameters: 0.999972 0.00727238 -0.00132307 -0.00726173 0.999941 0.00801856 0.00138127 -0.00800843 0.999967 -0.312626 0.119261 -0.176941
FixedParameters: 0 0 0

#Transform 177
Transform: AffineTransform_float_3_3
Parameters: 0.999978 0.00658599 -0.000916142 -0.00657791 0.999943 0.00840236 0.000971176 -0.00839663 0.999964 -0.274802 0.209841 -0.20403
FixedParameters: 0 0 0

#Transform 178
Transform: AffineTransform_float_3_3
Parameters: 0.999979 0.00630591 -0.000970027 -0.00629801 0.999947 0.0081976 0.00102184 -0.00819141 0.999966 -0.27479 0.136696 -0.23409
FixedParameters: 0 0 0

#Transform 179
Transform: AffineTransform_float_3_3
Parameters: 0.999977 0.00677463 -0.00105954 -0.00676487 0.99994 0.00863136 0.00111792 -0.00862464 0.999962 -0.262825 0.190447 -0.162283
FixedParameters: 0 0 0

#Transform 180
Transform: AffineTransform_float_3_3
Parameters: 0.999973 0.00728816 -0.00130278 -0.00727746 0.99994 0.00821545 0.00136211 -0.00820556 0.999965 -0.292118 0.173657 -0.229485
FixedParameters: 0 0 0

#Transform 181
Transform: AffineTransform_float_3_3
Parameters: 0.999966 0.00807597 -0.00174204 -0.00806048 0.999931 0.00857159 0.00181127 -0.0085574 0.999961 -0.298716 0.178845 -0.133843
FixedParameters: 0 0 0

#Transform 182
Transform: AffineTransform_float_3_3
Parameters: 0.99997 0.0076341 -0.00130256 -0.00762384 0.999938 0.00807774 0.00136447 -0.00806726 0.999967 -0.304553 0.213506 -0.222621
FixedParameters: 0 0 0

#Transform 183
Transform: AffineTransform_float_3_3
Parameters: 0.999966 0.00806767 -0.00159345 -0.00805298 0.999928 0.00887839 0.00166443 -0.00886563 0.99996 -0.291544 0.172367 -0.139737
FixedParameters: 0 0 0

#Transform 184
Transform: AffineTransform_float_3_3
Parameters: 0.99997 0.00757818 -0.00152327 -0.00756445 0.999936 0.00842036 0.00158753 -0.00840864 0.999964 -0.306953 0.237767 -0.175963
FixedParameters: 0 0 0

#Transform 185
Transform: AffineTransform_float_3_3
Parameters: 0.999974 0.00714817 -0.00100366 -0.00713906 0.999934 0.0089662 0.00106829 -0.00895878 0.999959 -0.275664 0.165992 -0.156743
FixedParameters: 0 0 0

#Transform 186
Transform: AffineTransform_float_3_3
Parameters: 0.999972 0.00736564 -0.00135448 -0.00735442 0.999936 0.00854294 0.00141699 -0.00853206 0.999963 -0.294351 0.223809 -0.209861
FixedParameters: 0 0 0

#Transform 187
Transform: AffineTransform_float_3_3
Parameters: 0.999973 0.00740008 -0.00060961 -0.00739396 0.999929 0.00939039 0.000678765 -0.00938661 0.999956 -0.263602 0.174923 -0.153098
FixedParameters: 0 0 0

#Transform 188
Transform: AffineTransform_float_3_3
