#Insight Transform File V1.0
#Transform 0
Transform: AffineTransform_float_3_3
Parameters: 1 -6.47624e-05 5.5521e-06 6.47624e-05 1 3.59568e-10 -5.5521e-06 3.59568e-10 1 -0.000460346 0.000226705 -1.94354e-05
FixedParameters: 0 0 0

#Transform 1
Transform: AffineTransform_float_3_3
Parameters: 1 0.000125721 7.35604e-05 -0.000125759 1 0.000254991 -7.34963e-05 -0.000255009 1 -0.00671875 -0.0269601 0.0103579
FixedParameters: 0 0 0

#Transform 2
Transform: AffineTransform_float_3_3
Parameters: 1 0 0 0 1 5.5e-05 0 -5.5e-05 1 0.007566 0.0449275 -0.00420586
FixedParameters: 0 0 0

#Transform 3
Transform: AffineTransform_float_3_3
Parameters: 1 0.000510039 0.000271442 -0.000510057 1 3.38615e-05 -0.000271408 -3.41384e-05 1 0.0113466 -0.0158621 0.0202642
FixedParameters: 0 0 0

#Transform 4
Transform: AffineTransform_float_3_3
Parameters: 1 0.000334768 0.000332499 -0.000334503 1 -0.000399111 -0.000332766 0.000398889 1 0.0114698 0.025736 0.00916381
FixedParameters: 0 0 0

#Transform 5
Transform: AffineTransform_float_3_3
Parameters: 1 0.000379131 0.000279815 -0.000379496 1 0.000497894 -0.000280433 -0.000498106 1 0.00626002 0.00362052 0.00241132
FixedParameters: 0 0 0

#Transform 6
Transform: AffineTransform_float_3_3
Parameters: 1 0.000489339 0.00032236 -0.000489311 1 -4.41577e-05 -0.000322403 4.38422e-05 1 0.00836299 0.0317249 -0.00395051
FixedParameters: 0 0 0

#Transform 7
Transform: AffineTransform_float_3_3
Parameters: 1 0.000453494 0.000360539 -0.000453421 1 -0.000101163 -0.000360631 0.000100836 1 0.0103554 -0.01783 -0.0285844
FixedParameters: 0 0 0

#Transform 8
Transform: AffineTransform_float_3_3
Parameters: 1 0.00016873 0.000328776 -0.000168671 1 -9.00555e-05 -0.000328807 8.99445e-05 1 0.0322803 0.008844 0.0238782
FixedParameters: 0 0 0

#Transform 9
Transform: AffineTransform_float_3_3
Parameters: 1 0.000736569 0.000723675 -0.000736452 0.999999 -8.1533e-05 -0.000723794 8.04669e-05 0.999999 0.0213215 -0.0305217 -0.0257975
FixedParameters: 0 0 0

#Transform 10
Transform: AffineTransform_float_3_3
Parameters: 1 0.000290251 0.00061353 -0.000290666 1 0.000337822 -0.000613333 -0.000338178 1 0.0188444 0.0224868 0.0169872
FixedParameters: 0 0 0

#Transform 11
Transform: AffineTransform_float_3_3
Parameters: 1 0.000376219 0.000373262 -0.000376291 1 9.78522e-05 -0.000373189 -9.71477e-05 1 -0.00716645 -0.0187541 0.0158903
FixedParameters: 0 0 0

#Transform 12
Transform: AffineTransform_float_3_3
Parameters: 1 0.000275379 0.000203203 -0.000275351 1 -7.00632e-05 -0.000203241 7.09367e-05 1 -0.0123064 0.0279094 0.0834244
FixedParameters: 0 0 0

#Transform 13
Transform: AffineTransform_float_3_3
Parameters: 1 0.000221626 0.000137473 -0.000221496 1 -0.00047303 -0.000137682 0.000472969 1 -0.0145288 0.0156924 0.0427142
FixedParameters: 0 0 0

#Transform 14
Transform: AffineTransform_float_3_3
Parameters: 1 0.00047975 0.000409499 -0.000479716 1 -4.21964e-05 -0.000409539 4.18035e-05 1 -0.0354103 0.0138473 0.0658968
FixedParameters: 0 0 0

#Transform 15
Transform: AffineTransform_float_3_3
Parameters: 1 0.000529444 4.07509e-05 -0.000529417 1 -0.000333022 -4.11035e-05 0.000332978 1 -0.0440094 0.0511898 0.0565149
FixedParameters: 0 0 0

#Transform 16
Transform: AffineTransform_float_3_3
Parameters: 1 0.000643693 0.000259645 -0.000643338 0.999999 -0.000520167 -0.000259317 0.000519833 1 -0.0410615 -0.0119531 0.0415217
FixedParameters: 0 0 0

#Transform 17
Transform: AffineTransform_float_3_3
Parameters: 1 0.000267092 0.00033934 -0.000266846 1 -0.000362091 -0.000339533 0.000361909 1 -0.011457 0.0431724 0.0562061
FixedParameters: 0 0 0

#Transform 18
Transform: AffineTransform_float_3_3
Parameters: 1 0.000382362 0.000468061 -0.000382392 1 3.1821e-05 -0.000468037 -3.2179e-05 1 -0.0091641 -0.0148333 0.017613
FixedParameters: 0 0 0

#Transform 19
Transform: AffineTransform_float_3_3
Parameters: 1 2.74485e-05 0.000318821 -2.72183e-05 1 -0.000361009 -0.00031884 0.000360991 1 -0.0115699 0.0499851 0.0195399
FixedParameters: 0 0 0

#Transform 20
Transform: AffineTransform_float_3_3
Parameters: 1 0.000231954 0.000582201 -0.000231223 1 -0.000628134 -0.000582492 0.000627865 0.999999 -0.0106042 -0.0386929 0.0447245
FixedParameters: 0 0 0

#Transform 21
Transform: AffineTransform_float_3_3
Parameters: 1 0.000160661 0.000523104 -0.000159895 0.999999 -0.000732083 -0.000523339 0.000731916 0.999999 -0.00516419 0.0236034 0.0551212
FixedParameters: 0 0 0

#Transform 22
Transform: AffineTransform_float_3_3
Parameters: 1 0.000392946 0.000495099 -0.000392447 1 -0.000418194 -0.000494431 0.000417806 1 -0.0106897 -0.0143943 0.0207826
FixedParameters: 0 0 0

#Transform 23
Transform: AffineTransform_float_3_3
Parameters: 1 0.000398746 0.000316861 -0.000399337 0.999999 -0.000640126 -0.000317287 0.000639873 0.999999 -0.0257512 0.0198107 0.052368
FixedParameters: 0 0 0

#Transform 24
Transform: AffineTransform_float_3_3
Parameters: 0.999999 0.000731097 0.000412821 -0.000730812 0.999999 -0.000345302 -0.000413326 0.000344698 1 -0.0329507 -0.0261307 0.0214685
FixedParameters: 0 0 0

#Transform 25
Transform: AffineTransform_float_3_3
Parameters: 1 0.000596505 0.000271857 -0.000596244 1 -0.000323162 -0.000271246 0.000322838 1 -0.0285112 0.0443129 0.0803258
FixedParameters: 0 0 0

#Transform 26
Transform: AffineTransform_float_3_3
Parameters: 1 0.000660594 0.000152712 -0.000661391 0.999999 -0.000651108 -0.000153488 0.000651891 0.999999 -0.0605751 -0.0215726 0.0732871
FixedParameters: 0 0 0

#Transform 27
Transform: AffineTransform_float_3_3
Parameters: 1 0.000617213 8.00046e-05 -0.000617063 1 -0.00093305 -8.11562e-05 0.000932951 1 -0.0476249 0.0291827 0.0661364
FixedParameters: 0 0 0

#Transform 28
Transform: AffineTransform_float_3_3
Parameters: 1 0.000677461 -5.87082e-05 -0.000677484 1 -0.000922045 5.84552e-05 0.000921955 0.999999 -0.0303927 -0.00741634 0.062648
FixedParameters: 0 0 0

#Transform 29
Transform: AffineTransform_float_3_3
Parameters: 1 0.000652621 -0.000136856 -0.000652788 1 -0.000922996 0.000136647 0.000923004 0.999999 -0.0382754 0.0332038 0.0911167
FixedParameters: 0 0 0

#Transform 30
Transform: AffineTransform_float_3_3
Parameters: 0.999999 0.000934904 1.62177e-05 -0.000934783 0.999999 -0.00105902 -1.72014e-05 0.00105898 1 -0.063573 -0.0267905 0.0431913
FixedParameters: 0 0 0

#Transform 31
Transform: AffineTransform_float_3_3
Parameters: 0.999999 0.000935516 2.29136e-05 -0.000935366 0.999998 -0.00135602 -2.44542e-05 0.00135598 0.999999 -0.0363593 0.0139825 0.0935923
FixedParameters: 0 0 0

#Transform 32
Transform: AffineTransform_float_3_3
Parameters: 0.999999 0.00137991 0.000147106 -0.0013804 0.999999 -0.00114829 -0.000148196 0.00114771 1 -0.0524699 -0.0531109 0.0944976
FixedParameters: 0 0 0

#Transform 33
Transform: AffineTransform_float_3_3
Parameters: 1 0.00120043 -7.02335e-05 -0.00120051 0.999998 -0.00119792 6.83536e-05 0.00119808 1 -0.0442044 0.0325881 0.107615
FixedParameters: 0 0 0

#Transform 34
Transform: AffineTransform_float_3_3
Parameters: 0.999999 0.00133332 0.00021128 -0.00133371 0.999999 -0.00122437 -0.000213463 0.00122363 0.999999 -0.0664232 -0.0318207 0.103064
FixedParameters: 0 0 0

#Transform 35
Transform: AffineTransform_float_3_3
Parameters: 0.999999 0.00134129 0.000210568 -0.00134068 0.999999 -0.00123838 -0.000212894 0.00123862 0.999999 -0.0463679 0.0105041 0.144095
FixedParameters: 0 0 0

#Transform 36
Transform: AffineTransform_float_3_3
Parameters: 0.999999 0.00120639 -0.000312928 -0.0012061 0.999999 -0.00141471 0.000311422 0.00141529 0.999999 -0.0601892 -0.00446776 0.146597
FixedParameters: 0 0 0

#Transform 37
Transform: AffineTransform_float_3_3
Parameters: 0.999999 0.000816604 -6.31012e-05 -0.000816689 0.999998 -0.00136595 6.18665e-05 0.00136605 0.999999 -0.0379373 0.0278694 0.178238
FixedParameters: 0 0 0

#Transform 38
Transform: AffineTransform_float_3_3
Parameters: 0.999999 0.000833725 -0.000477173 -0.000833972 0.999998 -0.0013936 0.000475759 0.0013944 0.999999 -0.0657405 -0.00368023 0.146942
FixedParameters: 0 0 0

#Transform 39
Transform: AffineTransform_float_3_3
Parameters: 0.999999 0.000704902 -0.000563128 -0.000706106 0.999999 -0.0011446 0.000562509 0.0011454 0.999999 -0.0822189 0.00849312 0.253282
FixedParameters: 0 0 0

#Transform 40
Transform: AffineTransform_float_3_3
Parameters: 0.999999 0.000832566 -0.00115584 -0.000834145 0.999999 -0.00161903 0.00115497 0.00161997 0.999998 -0.139354 -0.027259 0.202417
FixedParameters: 0 0 0

#Transform 41
Transform: AffineTransform_float_3_3
Parameters: 1 0.000591117 -0.000830468 -0.000592403 0.999999 -0.00142551 0.000829691 0.00142649 0.999998 -0.102961 0.0208571 0.21325
FixedParameters: 0 0 0

#Transform 42
Transform: AffineTransform_float_3_3
Parameters: 0.999999 0.00090826 -0.000914991 -0.000909161 0.999999 -0.00108317 0.000913932 0.00108483 0.999999 -0.10945 -0.0400561 0.175619
FixedParameters: 0 0 0

#Transform 43
Transform: AffineTransform_float_3_3
Parameters: 1 0.000688846 -0.000838897 -0.000689957 0.999999 -0.00130742 0.000838005 0.00130858 0.999999 -0.0924433 0.0448677 0.181405
FixedParameters: 0 0 0

#Transform 44
Transform: AffineTransform_float_3_3
Parameters: 0.999999 0.000798392 -0.000261103 -0.000798914 0.999999 -0.00116479 0.000260239 0.00116521 1 -0.0799321 -0.0443168 0.21876
FixedParameters: 0 0 0

#Transform 45
Transform: AffineTransform_float_3_3
Parameters: 0.999999 0.000645019 -0.000443517 -0.00064498 0.999999 -0.00117571 0.000442911 0.00117629 0.999999 -0.077804 0.024102 0.157867
FixedParameters: 0 0 0

#Transform 46
Transform: AffineTransform_float_3_3
Parameters: 0.999999 0.000729946 -0.000147763 -0.000730209 0.999999 -0.00117989 0.000147036 0.00118011 1 -0.0702476 -0.0212927 0.231151
FixedParameters: 0 0 0

#Transform 47
Transform: AffineTransform_float_3_3
Parameters: 0.999999 0.000833589 -0.000248309 -0.000833204 0.999998 -0.00140779 0.000246873 0.00140821 0.999999 -0.0743749 0.0324761 0.210242
FixedParameters: 0 0 0

#Transform 48
Transform: AffineTransform_float_3_3
Parameters: 1 0.00105368 -0.000176189 -0.00105402 0.999999 -0.0014489 0.000175128 0.0014491 0.999999 -0.10784 -0.0343331 0.2089
FixedParameters: 0 0 0

#Transform 49
Transform: AffineTransform_float_3_3
Parameters: 0.999999 0.000797676 -0.00015373 -0.000796986 0.999999 -0.00127888 0.000152602 0.00127912 0.999999 -0.0948653 0.0397022 0.211916
FixedParameters: 0 0 0

#Transform 50
Transform: AffineTransform_float_3_3
Parameters: 0.999999 0.00131783 -0.000139935 -0.00131805 0.999998 -0.0014029 0.00013823 0.0014031 0.999999 -0.113175 -0.0434568 0.206199
FixedParameters: 0 0 0

#Transform 51
Transform: AffineTransform_float_3_3
Parameters: 1 0.000460126 -0.000512048 -0.000460824 0.999999 -0.00173877 0.000511357 0.00173924 0.999999 -0.104956 0.0331524 0.21192
FixedParameters: 0 0 0

#Transform 52
Transform: AffineTransform_float_3_3
Parameters: 1 0.000508655 4.29869e-05 -0.000508446 0.999999 -0.00143602 -4.34511e-05 0.00143598 0.999999 -0.083746 -0.0411979 0.23382
FixedParameters: 0 0 0

#Transform 53
Transform: AffineTransform_float_3_3
Parameters: 1 0.000983339 -0.000234412 -0.000982987 0.999999 -0.00156186 0.000232252 0.00156214 0.999999 -0.0934195 0.0168296 0.180889
FixedParameters: 0 0 0

#Transform 54
Transform: AffineTransform_float_3_3
Parameters: 0.999999 0.000702103 -0.000419757 -0.000702447 0.999999 -0.00170071 0.000418279 0.0017013 0.999999 -0.101864 -0.0268062 0.176958
FixedParameters: 0 0 0

#Transform 55
Transform: AffineTransform_float_3_3
Parameters: 1 0.000410083 -0.000120205 -0.00041042 0.999999 -0.00176095 0.000119757 0.00176105 0.999999 -0.0828106 0.0198922 0.214117
FixedParameters: 0 0 0

#Transform 56
Transform: AffineTransform_float_3_3
Parameters: 0.999999 0.000755092 -0.0003301 -0.000755187 0.999998 -0.00178775 0.000328311 0.00178825 0.999999 -0.106739 -0.0188001 0.164577
FixedParameters: 0 0 0

#Transform 57
Transform: AffineTransform_float_3_3
Parameters: 1 0.000547589 -0.000132102 -0.000547904 0.999998 -0.00151893 0.000131434 0.00151907 0.999999 -0.0878924 0.00723388 0.22032
FixedParameters: 0 0 0

#Transform 58
Transform: AffineTransform_float_3_3
Parameters: 1 0.000493772 -0.000127493 -0.000494117 0.999999 -0.00169102 0.000126819 0.00169098 0.999998 -0.107775 0.00700896 0.168723
FixedParameters: 0 0 0

#Transform 59
Transform: AffineTransform_float_3_3
Parameters: 1 0.00040718 8.79605e-05 -0.000406922 0.999999 -0.00145904 -8.91483e-05 0.00145896 0.999999 -0.101541 -0.000837132 0.210515
FixedParameters: 0 0 0

#Transform 60
Transform: AffineTransform_float_3_3
Parameters: 1 0.000492567 -0.000141387 -0.000492929 0.999998 -0.00158393 0.000140822 0.00158407 0.999998 -0.0996179 -0.0117188 0.139304
FixedParameters: 0 0 0

#Transform 61
Transform: AffineTransform_float_3_3
Parameters: 1 -1.86149e-06 3.62979e-05 1.95194e-06 0.999999 -0.001246 -3.62931e-05 0.001246 0.999999 -0.0765818 0.00272466 0.227601
FixedParameters: 0 0 0

#Transform 62
Transform: AffineTransform_float_3_3
Parameters: 1 -0.000135082 -8.65204e-05 0.000134647 0.999998 -0.00202601 8.60705e-05 0.00202599 0.999998 -0.092799 -0.00275984 0.141815
FixedParameters: 0 0 0

#Transform 63
Transform: AffineTransform_float_3_3
Parameters: 1 -4.96707e-05 8.66362e-05 4.98202e-05 0.999999 -0.001349 -8.74983e-05 0.001349 0.999999 -0.0876187 -0.0276627 0.197022
FixedParameters: 0 0 0

#Transform 64
Transform: AffineTransform_float_3_3
Parameters: 1 -7.30256e-05 -0.000547719 7.20882e-05 0.999999 -0.00176504 0.00054789 0.00176496 0.999999 -0.10076 0.00476822 0.18284
FixedParameters: 0 0 0

#Transform 65
Transform: AffineTransform_float_3_3
Parameters: 1 -0.000209737 -8.01161e-05 0.000209444 0.999999 -0.00129502 7.96626e-05 0.00129498 0.999999 -0.0903844 -0.0362059 0.194413
FixedParameters: 0 0 0

#Transform 66
Transform: AffineTransform_float_3_3
Parameters: 1 -0.000239415 -0.000418722 0.000238929 0.999998 -0.00176801 0.000419483 0.00176798 0.999999 -0.10231 0.019348 0.16744
FixedParameters: 0 0 0

#Transform 67
Transform: AffineTransform_float_3_3
Parameters: 1 -0.000332965 3.79521e-05 0.000333049 1 -0.00111199 -3.72115e-05 0.00111201 1 -0.0768917 -0.0139568 0.204358
FixedParameters: 0 0 0

#Transform 68
Transform: AffineTransform_float_3_3
Parameters: 0.999999 -0.000444427 -0.000561537 0.000443762 0.999999 -0.00140325 0.000561701 0.00140275 0.999999 -0.099232 0.0584449 0.202432
FixedParameters: 0 0 0

#Transform 69
Transform: AffineTransform_float_3_3
Parameters: 1 -0.000231374 -0.000327087 0.000231254 0.999998 -0.00170407 0.00032779 0.00170392 0.999998 -0.111875 -0.0415417 0.249154
FixedParameters: 0 0 0

#Transform 70
Transform: AffineTransform_float_3_3
Parameters: 1 -0.000455983 -0.000278331 0.000454943 0.999999 -0.00171321 0.000278895 0.00171279 0.999998 -0.100575 0.0389139 0.193589
FixedParameters: 0 0 0

#Transform 71
Transform: AffineTransform_float_3_3
Parameters: 1 -0.000703063 0.000629352 0.000703645 0.999999 -0.00132255 -0.000628403 0.00132245 0.999999 -0.0686832 -0.0223163 0.244569
FixedParameters: 0 0 0

#Transform 72
Transform: AffineTransform_float_3_3
Parameters: 1 -0.000603046 -5.47694e-05 0.00060279 0.999998 -0.00154403 5.56349e-05 0.00154397 0.999999 -0.0752143 0.0322455 0.189608
FixedParameters: 0 0 0

#Transform 73
Transform: AffineTransform_float_3_3
Parameters: 0.999999 -0.00073088 0.000310412 0.000730494 0.999999 -0.00112277 -0.000309681 0.00112323 1 -0.0629076 -0.00812829 0.263297
FixedParameters: 0 0 0

#Transform 74
Transform: AffineTransform_float_3_3
Parameters: 0.999999 -0.000746772 0.000127277 0.000747031 0.999999 -0.00135791 -0.000126245 0.00135809 0.999999 -0.0677917 0.0353614 0.168575
FixedParameters: 0 0 0

#Transform 75
Transform: AffineTransform_float_3_3
Parameters: 1 -0.00108418 0.000369024 0.0010848 0.999999 -0.000960678 -0.000367937 0.000960321 0.999999 -0.0644103 -0.013522 0.239263
FixedParameters: 0 0 0

#Transform 76
Transform: AffineTransform_float_3_3
Parameters: 0.999999 -0.000855278 -0.000324166 0.000854434 0.999999 -0.00116928 0.000325168 0.00116872 1 -0.0939035 0.0363623 0.185588
FixedParameters: 0 0 0

#Transform 77
Transform: AffineTransform_float_3_3
Parameters: 1 -0.00111313 0.0003139 0.0011135 0.999999 -0.000591736 -0.000312581 0.000592263 1 -0.0430815 -0.00281405 0.238753
FixedParameters: 0 0 0

#Transform 78
Transform: AffineTransform_float_3_3
Parameters: 0.999999 -0.00120334 -0.000239397 0.00120347 0.999998 -0.00143637 0.000240775 0.00143563 0.999999 -0.0729506 0.0366962 0.179312
FixedParameters: 0 0 0

#Transform 79
Transform: AffineTransform_float_3_3
Parameters: 0.999998 -0.00155635 0.000352745 0.00155586 0.999999 -0.000959615 -0.000351666 0.000959385 0.999999 -0.0293169 -0.00952011 0.236654
FixedParameters: 0 0 0

#Transform 80
Transform: AffineTransform_float_3_3
Parameters: 0.999998 -0.00158156 -0.000260948 0.00158182 0.999998 -0.00123251 0.000263765 0.00123249 0.999999 -0.0452154 1.68543e-05 0.160237
FixedParameters: 0 0 0

#Transform 81
Transform: AffineTransform_float_3_3
Parameters: 0.999998 -0.00195636 0.000508867 0.00195616 0.999997 -0.000953084 -0.000507043 0.000953916 1 -0.00529373 0.00366571 0.23796
FixedParameters: 0 0 0

#Transform 82
Transform: AffineTransform_float_3_3
Parameters: 0.999999 -0.0018573 0.000215683 0.00185764 0.999997 -0.00120368 -0.000213205 0.00120332 1 -0.0258622 0.00905052 0.19248
FixedParameters: 0 0 0

#Transform 83
Transform: AffineTransform_float_3_3
Parameters: 0.999998 -0.00195325 0.00054541 0.00195295 0.999997 -0.000790099 -0.000544229 0.000790901 0.999999 -0.00193663 -0.00355847 0.246313
FixedParameters: 0 0 0

#Transform 84
Transform: AffineTransform_float_3_3
Parameters: 0.999998 -0.0018625 0.00042172 0.00186226 0.999997 -0.00110429 -0.000419513 0.00110471 1 -0.0165187 -0.00836015 0.18232
FixedParameters: 0 0 0

#Transform 85
Transform: AffineTransform_float_3_3
Parameters: 0.999998 -0.00216278 0.000558338 0.00216391 0.999997 -0.00116097 -0.000555303 0.00116303 0.999999 -0.0137679 0.0193197 0.234967
FixedParameters: 0 0 0

#Transform 86
Transform: AffineTransform_float_3_3
Parameters: 0.999998 -0.00195155 0.000563888 0.00195158 0.999998 -0.00106907 -0.00056162 0.00106994 1 -0.0150921 -0.012818 0.187709
FixedParameters: 0 0 0

#Transform 87
Transform: AffineTransform_float_3_3
Parameters: 0.999997 -0.00241276 0.000534845 0.00241373 0.999997 -0.00114196 -0.000532319 0.00114304 1 -0.0013253 0.0513902 0.244468
FixedParameters: 0 0 0

#Transform 88
Transform: AffineTransform_float_3_3
Parameters: 0.999998 -0.00226292 0.000491194 0.00226399 0.999997 -0.00135214 -0.00048806 0.00135286 0.999999 -0.0211986 -0.00932242 0.224091
FixedParameters: 0 0 0

#Transform 89
Transform: AffineTransform_float_3_3
Parameters: 0.999997 -0.00216282 0.000407775 0.00216251 0.999997 -0.00116129 -0.000405653 0.00116271 0.999999 -0.0169738 0.0525876 0.270543
FixedParameters: 0 0 0

#Transform 90
Transform: AffineTransform_float_3_3
Parameters: 0.999998 -0.00196912 0.000361518 0.00196868 0.999997 -0.00100346 -0.000359472 0.00100454 0.999999 -0.034849 -0.0118048 0.218573
FixedParameters: 0 0 0

#Transform 91
Transform: AffineTransform_float_3_3
Parameters: 0.999997 -0.00213945 0.000399571 0.00213907 0.999997 -0.00109132 -0.000397802 0.00109268 1 -0.0178325 0.047426 0.261084
FixedParameters: 0 0 0

#Transform 92
Transform: AffineTransform_float_3_3
Parameters: 0.999999 -0.00166234 0.000770382 0.00166347 0.999998 -0.00149388 -0.000767319 0.00149512 0.999998 -0.0148509 -0.0407876 0.269498
FixedParameters: 0 0 0

#Transform 93
Transform: AffineTransform_float_3_3
Parameters: 1 -0.000444249 0.000225955 0.000444428 1 -0.0003949 -0.000225604 0.0003951 1 -0.0790091 0.0208203 0.360993
FixedParameters: 0 0 0

#Transform 94
Transform: AffineTransform_float_3_3
Parameters: 0.999999 -0.000751754 -0.000488176 0.000751123 1 -0.000559452 0.00048802 0.000558548 0.999999 -0.100051 0.081036 0.23384
FixedParameters: 0 0 0

#Transform 95
Transform: AffineTransform_float_3_3
Parameters: 0.999999 -0.00042459 -0.000891015 0.000424724 1 7.56143e-05 0.000890951 -7.53856e-05 0.999999 -0.136357 0.00697582 0.248074
FixedParameters: 0 0 0

#Transform 96
Transform: AffineTransform_float_3_3
Parameters: 0.999999 -0.000821136 -0.00103411 0.000820534 0.999999 -0.000731771 0.00103423 0.000731229 0.999999 -0.102943 0.0647627 0.192483
FixedParameters: 0 0 0

#Transform 97
Transform: AffineTransform_float_3_3
Parameters: 1 -0.000391353 -0.000489273 0.000392104 1 -0.000250192 0.000489383 0.000249808 1 -0.11002 -0.0115975 0.249422
FixedParameters: 0 0 0

#Transform 98
Transform: AffineTransform_float_3_3
Parameters: 0.999999 -0.000648514 -0.000766961 0.000648325 0.999999 -0.000772412 0.000767876 0.000771587 1 -0.11953 0.0353648 0.173937
FixedParameters: 0 0 0

#Transform 99
Transform: AffineTransform_float_3_3
Parameters: 0.999999 -0.000399705 -0.000617867 0.000399811 0.999999 -0.000720254 0.000618358 0.000720745 0.999999 -0.133168 -0.0166218 0.256404
FixedParameters: 0 0 0

#Transform 100
Transform: AffineTransform_float_3_3
Parameters: 1 -0.000648623 -0.00076687 0.000648218 1 -0.000913498 0.000767968 0.000912503 1 -0.124769 0.0426905 0.186215
FixedParameters: 0 0 0

#Transform 101
Transform: AffineTransform_float_3_3
Parameters: 1 -0.000363418 8.05582e-05 0.000363429 1 -0.000600971 -8.11177e-05 0.000601029 1 -0.095675 -0.00529767 0.244332
FixedParameters: 0 0 0

#Transform 102
Transform: AffineTransform_float_3_3
Parameters: 1 -0.000530758 -0.000392797 0.000530277 0.999999 -0.000612208 0.000393446 0.000611791 0.999999 -0.102201 0.0640152 0.208934
FixedParameters: 0 0 0

#Transform 103
Transform: AffineTransform_float_3_3
Parameters: 1 -0.000283351 8.96509e-05 0.00028334 1 -0.000414975 -9.04121e-05 0.000415026 1 -0.113081 0.0174128 0.244478
FixedParameters: 0 0 0

#Transform 104
Transform: AffineTransform_float_3_3
Parameters: 1 -0.000269861 -0.000336064 0.000269458 1 -0.00047309 0.000335323 0.000472909 1 -0.116917 0.0710582 0.178401
FixedParameters: 0 0 0

#Transform 105
Transform: AffineTransform_float_3_3
Parameters: 1 -0.000158138 0.00019223 0.000158182 1 -0.00011397 -0.000192194 0.00011403 1 -0.0987567 0.010443 0.247247
FixedParameters: 0 0 0

#Transform 106
Transform: AffineTransform_float_3_3
Parameters: 1 -7.58411e-05 -6.49063e-06 7.58315e-05 0.999999 -0.000733 6.6018e-06 0.000732999 0.999999 -0.119195 0.0655824 0.206195
FixedParameters: 0 0 0

#Transform 107
Transform: AffineTransform_float_3_3
Parameters: 1 0.000317872 0.000580933 -0.000317702 1 -0.000145192 -0.000581025 0.000145808 1 -0.105813 0.0222365 0.261598
FixedParameters: 0 0 0

#Transform 108
Transform: AffineTransform_float_3_3
Parameters: 1 0.000521684 0.000230047 -0.00052147 1 -0.00046512 -0.000230533 0.00046488 1 -0.118002 0.0286227 0.203479
FixedParameters: 0 0 0

#Transform 109
Transform: AffineTransform_float_3_3
Parameters: 0.999999 0.000362386 0.000780764 -0.000362665 1 -0.000459283 -0.000781011 0.000458717 0.999999 -0.0972693 0.0526392 0.303897
FixedParameters: 0 0 0

#Transform 110
Transform: AffineTransform_float_3_3
Parameters: 1 0.000655897 0.000951314 -0.00065544 1 -0.000240631 -0.00095163 0.000240369 0.999999 -0.103122 -0.000816995 0.218797
FixedParameters: 0 0 0

#Transform 111
Transform: AffineTransform_float_3_3
Parameters: 0.999999 0.000560485 0.000541981 -0.000560222 1 -0.000243304 -0.000542253 0.000242696 1 -0.118155 0.0820584 0.23608
FixedParameters: 0 0 0

#Transform 112
Transform: AffineTransform_float_3_3
Parameters: 0.999999 0.000851328 0.00103981 -0.000851574 0.999999 -0.000361801 -0.00104034 0.0003602 1 -0.115024 0.00258549 0.284068
FixedParameters: 0 0 0

#Transform 113
Transform: AffineTransform_float_3_3
Parameters: 0.999999 0.000612468 0.000537329 -0.000611859 0.999999 -0.000566329 -0.000538022 0.00056567 0.999999 -0.114414 0.0541962 0.202733
FixedParameters: 0 0 0

#Transform 114
Transform: AffineTransform_float_3_3
Parameters: 0.999999 0.000278574 0.00135214 -0.000278455 1 -4.42914e-05 -0.00135216 4.37085e-05 0.999999 -0.0705515 0.0452276 0.28792
FixedParameters: 0 0 0

#Transform 115
Transform: AffineTransform_float_3_3
Parameters: 0.999999 0.000483112 0.000653816 -0.000483164 0.999999 -0.000722316 -0.000654428 0.000721683 0.999999 -0.115379 0.0643845 0.218558
FixedParameters: 0 0 0

#Transform 116
Transform: AffineTransform_float_3_3
Parameters: 0.999999 0.000572957 0.00112112 -0.000572764 1 -8.65644e-05 -0.00112122 8.64355e-05 1 -0.106383 0.0330253 0.286374
FixedParameters: 0 0 0

#Transform 117
Transform: AffineTransform_float_3_3
Parameters: 0.999999 0.000497311 0.000622586 -0.000497716 1 -0.00047531 -0.000622973 0.00047469 0.999999 -0.12737 0.0670216 0.233859
FixedParameters: 0 0 0

#Transform 118
Transform: AffineTransform_float_3_3
Parameters: 1 0.000372055 0.00111622 -0.000371369 1 -0.00030733 -0.00111644 0.00030667 1 -0.104949 0.0168766 0.279802
FixedParameters: 0 0 0

#Transform 119
Transform: AffineTransform_float_3_3
Parameters: 0.999999 0.000349359 0.000686487 -0.0003495 0.999999 -0.00062324 -0.000686837 0.00062276 0.999999 -0.113304 0.0505671 0.214737
FixedParameters: 0 0 0

#Transform 120
Transform: AffineTransform_float_3_3
Parameters: 0.999999 0.000160771 0.00126287 -0.00016015 1 -0.000246117 -0.00126295 0.000245882 0.999999 -0.113613 0.0446831 0.32942
FixedParameters: 0 0 0

#Transform 121
Transform: AffineTransform_float_3_3
Parameters: 0.999999 0.000453724 0.000698586 -0.000452973 1 -0.000537316 -0.000699073 0.000536683 0.999999 -0.155987 0.0596743 0.257877
FixedParameters: 0 0 0

#Transform 122
Transform: AffineTransform_float_3_3
Parameters: 1 0.000382427 0.0010783 -0.000382574 1 6.76726e-05 -0.00107824 -6.83273e-05 1 -0.118992 0.0479254 0.324556
FixedParameters: 0 0 0

#Transform 123
Transform: AffineTransform_float_3_3
Parameters: 1 0.000380058 0.00103217 -0.000380073 1 -0.000475308 -0.00103245 0.000474693 1 -0.134264 0.0397379 0.268358
FixedParameters: 0 0 0

#Transform 124
Transform: AffineTransform_float_3_3
Parameters: 1 0.000150496 0.00114029 -0.000149412 1 -0.000475086 -0.00114043 0.000474914 0.999999 -0.116787 0.0729844 0.352245
FixedParameters: 0 0 0

#Transform 125
Transform: AffineTransform_float_3_3
Parameters: 1 0.000150645 0.00114531 -0.000150118 1 -0.000230087 -0.00114538 0.000229913 1 -0.121479 0.0475849 0.272158
FixedParameters: 0 0 0

#Transform 126
Transform: AffineTransform_float_3_3
Parameters: 0.999999 0.000128158 0.00123456 -0.000127686 1 -0.000191073 -0.00123461 0.000190927 0.999999 -0.0950425 0.0740614 0.337488
FixedParameters: 0 0 0

#Transform 127
Transform: AffineTransform_float_3_3
Parameters: 0.999999 0.000439359 0.00121594 -0.000439571 1 8.65507e-05 -0.00121587 -8.74492e-05 1 -0.127179 0.0569331 0.297701
FixedParameters: 0 0 0

#Transform 128
Transform: AffineTransform_float_3_3
Parameters: 0.999999 0.000657227 0.00126872 -0.000658276 0.999999 0.000413243 -0.00126818 -0.000413756 0.999999 -0.128443 0.084887 0.329695
FixedParameters: 0 0 0

#Transform 129
Transform: AffineTransform_float_3_3
Parameters: 0.999999 0.000500959 0.00090562 -0.000501394 1 0.000240539 -0.000905379 -0.000240461 0.999999 -0.129119 0.0582905 0.269171
FixedParameters: 0 0 0

#Transform 130
Transform: AffineTransform_float_3_3
Parameters: 0.999999 0.00052676 0.0017285 -0.000527343 1 0.00045626 -0.0017281 -0.000457741 0.999999 -0.0912935 0.0759082 0.342257
FixedParameters: 0 0 0

#Transform 131
Transform: AffineTransform_float_3_3
Parameters: 0.999999 0.000483526 0.000548791 -0.000483744 1 0.000198735 -0.000548598 -0.000199265 1 -0.134951 0.0790639 0.245448
FixedParameters: 0 0 0

#Transform 132
Transform: AffineTransform_float_3_3
Parameters: 0.999999 0.000421433 0.00143948 -0.000422604 0.999999 0.000722477 -0.00143995 -0.000723522 0.999998 -0.114254 0.059659 0.31879
FixedParameters: 0 0 0

#Transform 133
Transform: AffineTransform_float_3_3
Parameters: 1 0.000397169 0.000996849 -0.00039809 1 0.000418689 -0.000997512 -0.000419311 1 -0.140762 0.08297 0.239446
FixedParameters: 0 0 0

#Transform 134
Transform: AffineTransform_float_3_3
Parameters: 1 0.000292554 0.00112133 -0.000293106 1 0.00113467 -0.00112084 -0.00113533 0.999998 -0.153139 0.0408074 0.292349
FixedParameters: 0 0 0

#Transform 135
Transform: AffineTransform_float_3_3
Parameters: 1 0.000236194 0.00106683 -0.000236764 0.999999 0.000734826 -0.00106657 -0.000734174 0.999999 -0.134731 0.115443 0.263657
FixedParameters: 0 0 0

#Transform 136
Transform: AffineTransform_float_3_3
Parameters: 0.999999 0.000588271 0.00125265 -0.000588965 0.999999 0.000674348 -0.00125194 -0.000675652 0.999999 -0.174381 0.0367096 0.270069
FixedParameters: 0 0 0

#Transform 137
Transform: AffineTransform_float_3_3
Parameters: 1 0.00047403 0.00109389 -0.000475326 1 0.00100847 -0.00109401 -0.00100853 0.999999 -0.154961 0.10345 0.268147
FixedParameters: 0 0 0

#Transform 138
Transform: AffineTransform_float_3_3
Parameters: 0.999999 0.000633373 0.00130107 -0.000634447 0.999999 0.00079526 -0.00130014 -0.000796739 0.999999 -0.144691 0.0565075 0.228918
FixedParameters: 0 0 0

#Transform 139
Transform: AffineTransform_float_3_3
Parameters: 0.999999 0.000592599 0.00135477 -0.000594093 1 0.000919189 -0.00135376 -0.000919811 0.999998 -0.121207 0.0865716 0.269932
FixedParameters: 0 0 0

#Transform 140
Transform: AffineTransform_float_3_3
Parameters: 0.999999 0.000843891 0.000740007 -0.00084471 0.999999 0.000495375 -0.000740165 -0.000496624 0.999999 -0.161781 0.0671825 0.226009
FixedParameters: 0 0 0

#Transform 141
Transform: AffineTransform_float_3_3
Parameters: 0.999999 0.000490336 0.00123285 -0.00049082 0.999999 0.000600473 -0.00123235 -0.000600527 0.999999 -0.142878 0.0639655 0.280624
FixedParameters: 0 0 0

#Transform 142
Transform: AffineTransform_float_3_3
Parameters: 1 0.000194505 0.00057353 -0.000193889 1 0.000331889 -0.000573486 -0.000332112 1 -0.148025 0.065229 0.207023
FixedParameters: 0 0 0

#Transform 143
Transform: AffineTransform_float_3_3
Parameters: 0.999999 3.83937e-05 0.00152423 -3.92844e-05 1 0.000619026 -0.00152427 -0.000618974 0.999998 -0.111747 0.0495749 0.280929
FixedParameters: 0 0 0

#Transform 144
Transform: AffineTransform_float_3_3
Parameters: 1 -3.453e-05 0.00107783 3.45821e-05 1 0.000438123 -0.00107795 -0.000437878 1 -0.125351 0.0919123 0.227485
FixedParameters: 0 0 0

#Transform 145
Transform: AffineTransform_float_3_3
Parameters: 0.999999 -2.64836e-05 0.00127081 2.5599e-05 0.999999 0.000740118 -0.00127093 -0.000739882 0.999999 -0.125821 0.0336693 0.265382
FixedParameters: 0 0 0

#Transform 146
Transform: AffineTransform_float_3_3
Parameters: 1 0.000135766 0.00106533 -0.000136214 1 0.00067794 -0.00106523 -0.00067806 0.999999 -0.125428 0.0964197 0.272427
FixedParameters: 0 0 0

#Transform 147
Transform: AffineTransform_float_3_3
Parameters: 0.999999 0.000205139 0.0013274 -0.000206109 0.999999 0.000740812 -0.00132718 -0.000741187 0.999999 -0.131903 0.0352522 0.251297
FixedParameters: 0 0 0

#Transform 148
Transform: AffineTransform_float_3_3
Parameters: 0.999999 0.000402577 0.00118625 -0.00040396 0.999999 0.00100261 -0.00118553 -0.00100339 0.999999 -0.135609 0.10599 0.298561
FixedParameters: 0 0 0

#Transform 149
Transform: AffineTransform_float_3_3
Parameters: 0.999999 0.000329405 0.00125258 -0.000329959 1 0.000618672 -0.00125226 -0.000619328 0.999999 -0.149161 0.0642196 0.226551
FixedParameters: 0 0 0

#Transform 150
Transform: AffineTransform_float_3_3
Parameters: 0.999998 0.000254753 0.00167444 -0.000256141 0.999999 0.000711742 -0.00167416 -0.000712257 0.999999 -0.115345 0.0744421 0.312246
FixedParameters: 0 0 0

#Transform 151
Transform: AffineTransform_float_3_3
Parameters: 0.999999 0.000693424 0.00124868 -0.000694896 0.999999 0.00058921 -0.00124786 -0.000589788 0.999999 -0.150226 0.0545622 0.193039
FixedParameters: 0 0 0

#Transform 152
Transform: AffineTransform_float_3_3
Parameters: 0.999999 0.000625331 0.00143536 -0.000627436 1 0.00105018 -0.00143512 -0.00105082 0.999999 -0.129178 0.0785138 0.272213
FixedParameters: 0 0 0

#Transform 153
Transform: AffineTransform_float_3_3
Parameters: 0.999999 0.000824862 0.00127265 -0.000825498 0.999999 0.000641028 -0.00127168 -0.000641972 0.999999 -0.146588 0.0704609 0.211928
FixedParameters: 0 0 0

#Transform 154
Transform: AffineTransform_float_3_3
Parameters: 0.999997 0.000635961 0.0020405 -0.000637206 0.999999 0.000792864 -0.00203966 -0.000794135 0.999997 -0.117783 0.0571673 0.294735
FixedParameters: 0 0 0

#Transform 155
Transform: AffineTransform_float_3_3
Parameters: 0.999999 0.000697027 0.00118934 -0.000698238 1 0.000891171 -0.00118917 -0.00089283 0.999999 -0.153879 0.081357 0.199785
FixedParameters: 0 0 0

#Transform 156
Transform: AffineTransform_float_3_3
Parameters: 0.999997 0.000705005 0.00200586 -0.000707677 0.999999 0.00141075 -0.00200412 -0.00141225 0.999997 -0.117976 0.0757044 0.324614
FixedParameters: 0 0 0

#Transform 157
Transform: AffineTransform_float_3_3
Parameters: 0.999998 0.00107717 0.00153468 -0.00107977 0.999999 0.00114642 -0.00153329 -0.00114758 0.999998 -0.155543 0.115531 0.239141
FixedParameters: 0 0 0

#Transform 158
Transform: AffineTransform_float_3_3
Parameters: 0.999997 0.00106365 0.00192747 -0.00106626 0.999998 0.0014291 -0.00192568 -0.0014309 0.999997 -0.150868 0.0810137 0.301857
FixedParameters: 0 0 0

#Transform 159
Transform: AffineTransform_float_3_3
Parameters: 0.999999 0.00128277 0.0012341 -0.00128431 0.999998 0.000990409 -0.00123264 -0.00099259 0.999998 -0.163433 0.0797092 0.232274
FixedParameters: 0 0 0

#Transform 160
Transform: AffineTransform_float_3_3
Parameters: 0.999998 0.00122163 0.00189606 -0.00122511 0.999999 0.00139775 -0.0018948 -0.00140025 0.999997 -0.127295 0.080614 0.317784
FixedParameters: 0 0 0

#Transform 161
Transform: AffineTransform_float_3_3
Parameters: 0.999998 0.00124592 0.00164851 -0.00124673 0.999999 0.000824017 -0.00164762 -0.000825984 0.999998 -0.152843 0.0578425 0.230496
FixedParameters: 0 0 0

#Transform 162
Transform: AffineTransform_float_3_3
Parameters: 0.999998 0.00122878 0.00169684 -0.00123097 0.999998 0.00147399 -0.00169546 -0.00147701 0.999998 -0.132886 0.0971285 0.325971
FixedParameters: 0 0 0

#Transform 163
Transform: AffineTransform_float_3_3
Parameters: 0.999998 0.00129607 0.0010111 -0.00129711 0.999999 0.000923682 -0.00101078 -0.000925318 0.999999 -0.174843 0.0857743 0.244267
FixedParameters: 0 0 0

#Transform 164
Transform: AffineTransform_float_3_3
Parameters: 0.999997 0.00141178 0.00201057 -0.00141486 0.999998 0.00146622 -0.00200867 -0.00146878 0.999997 -0.135964 0.0842175 0.348053
FixedParameters: 0 0 0

#Transform 165
Transform: AffineTransform_float_3_3
Parameters: 0.999998 0.00139625 0.00129588 -0.00139718 0.999998 0.00109626 -0.00129398 -0.00109774 0.999999 -0.158309 0.106238 0.240632
FixedParameters: 0 0 0

#Transform 166
Transform: AffineTransform_float_3_3
Parameters: 0.999998 0.00104932 0.0015569 -0.00105126 0.999999 0.000913443 -0.00155606 -0.000915557 0.999999 -0.164081 0.0658595 0.291147
FixedParameters: 0 0 0

#Transform 167
Transform: AffineTransform_float_3_3
Parameters: 0.999999 0.000694314 0.00118734 -0.000695542 0.999999 0.000517252 -0.00118662 -0.000517746 0.999999 -0.17318 0.107557 0.286617
FixedParameters: 0 0 0

#Transform 168
Transform: AffineTransform_float_3_3
Parameters: 0.999999 0.00100525 0.00146901 -0.00100605 1 0.000582516 -0.00146892 -0.000584485 0.999998 -0.185316 0.0229077 0.262371
FixedParameters: 0 0 0

#Transform 169
Transform: AffineTransform_float_3_3
Parameters: 0.999999 0.000890415 0.00104559 -0.000891656 0.999999 0.00102906 -0.00104483 -0.00102994 0.999999 -0.176528 0.10949 0.286512
FixedParameters: 0 0 0

#Transform 170
Transform: AffineTransform_float_3_3
Parameters: 0.999998 0.00104377 0.00138473 -0.00104427 0.999999 0.000899548 -0.00138302 -0.000901452 0.999998 -0.169821 0.0570979 0.248605
FixedParameters: 0 0 0

#Transform 171
Transform: AffineTransform_float_3_3
Parameters: 0.999997 0.000891025 0.00200576 -0.000893124 1 0.000749288 -0.0020055 -0.000751711 0.999997 -0.137122 0.0944631 0.337658
FixedParameters: 0 0 0

#Transform 172
Transform: AffineTransform_float_3_3
Parameters: 0.999999 0.00108111 0.00138655 -0.0010826 0.999999 0.000862493 -0.00138576 -0.000864507 0.999998 -0.170246 0.0547241 0.234847
FixedParameters: 0 0 0

#Transform 173
Transform: AffineTransform_float_3_3
Parameters: 0.999997 0.00110528 0.00193403 -0.00110804 0.999998 0.00146502 -0.00193204 -0.00146698 0.999997 -0.147679 0.0971269 0.324775
FixedParameters: 0 0 0

#Transform 174
Transform: AffineTransform_float_3_3
Parameters: 0.999997 0.0013561 0.00165612 -0.00135667 0.999999 0.000746818 -0.00165526 -0.000748183 0.999998 -0.164823 0.0742303 0.243505
FixedParameters: 0 0 0

#Transform 175
Transform: AffineTransform_float_3_3
Parameters: 0.999996 0.000863497 0.00261988 -0.00086727 0.999999 0.00165398 -0.00261843 -0.00165603 0.999995 -0.10143 0.0928855 0.30635
FixedParameters: 0 0 0

#Transform 176
Transform: AffineTransform_float_3_3
Parameters: 0.999998 0.000894604 0.00212024 -0.000897067 0.999999 0.00126526 -0.00211922 -0.00126674 0.999997 -0.133472 0.106007 0.25717
FixedParameters: 0 0 0

#Transform 177
Transform: AffineTransform_float_3_3
Parameters: 0.999996 0.000963247 0.0028703 -0.000968019 0.999998 0.00150955 -0.00286872 -0.00151244 0.999994 -0.107335 0.0723024 0.315412
FixedParameters: 0 0 0

#Transform 178
Transform: AffineTransform_float_3_3
Parameters: 0.999997 0.000948292 0.00246377 -0.000951479 0.999999 0.0010329 -0.00246297 -0.0010351 0.999997 -0.120822 0.106634 0.232393
FixedParameters: 0 0 0

#Transform 179
Transform: AffineTransform_float_3_3
Parameters: 0.999995 0.000941207 0.00302876 -0.00094597 0.999999 0.00159347 -0.00302717 -0.00159653 0.999994 -0.0766414 0.0825311 0.321227
FixedParameters: 0 0 0

#Transform 180
Transform: AffineTransform_float_3_3
Parameters: 0.999996 0.00103897 0.00233389 -0.00104122 0.999998 0.00131681 -0.00233248 -0.00131919 0.999997 -0.127401 0.122524 0.277648
FixedParameters: 0 0 0

#Transform 181
Transform: AffineTransform_float_3_3
Parameters: 0.999996 0.00121549 0.00257193 -0.0012186 0.999998 0.0013622 -0.00256995 -0.0013658 0.999996 -0.118706 0.0751039 0.321575
FixedParameters: 0 0 0

#Transform 182
Transform: AffineTransform_float_3_3
Parameters: 0.999996 0.00137612 0.0024729 -0.00137922 0.999998 0.00121183 -0.00247081 -0.00121517 0.999996 -0.127733 0.108045 0.305235
FixedParameters: 0 0 0

#Transform 183
Transform: AffineTransform_float_3_3
Parameters: 0.999995 0.00166365 0.00271132 -0.00166651 0.999998 0.00106071 -0.00270904 -0.00106529 0.999996 -0.124353 0.0609005 0.271415
FixedParameters: 0 0 0

#Transform 184
Transform: AffineTransform_float_3_3
Parameters: 0.999994 0.00141831 0.00295464 -0.00142362 0.999997 0.00171311 -0.00295219 -0.00171688 0.999994 -0.0966039 0.125702 0.350852
FixedParameters: 0 0 0

#Transform 185
Transform: AffineTransform_float_3_3
Parameters: 0.999996 0.00164052 0.00257558 -0.00164241 0.999998 0.000913 -0.00257483 -0.000917002 0.999996 -0.14874 0.0942946 0.258117
FixedParameters: 0 0 0

#Transform 186
Transform: AffineTransform_float_3_3
Parameters: 0.999995 0.00177581 0.00283619 -0.0017785 0.999998 0.000984181 -0.00283394 -0.00098882 0.999996 -0.126294 0.0544728 0.268752
FixedParameters: 0 0 0

#Transform 187
Transform: AffineTransform_float_3_3
Parameters: 0.999995 0.00207548 0.00267625 -0.00207874 0.999997 0.000947661 -0.00267447 -0.000953338 0.999996 -0.138945 0.0858995 0.226533
FixedParameters: 0 0 0

#Transform 188
Transform: AffineTransform_float_3_3
Parameters: 0.999993 0.0020551 0.00288044 -0.00205782 0.999998 0.000801296 -0.00287829 -0.000807701 0.999996 -0.118915 0.0635848 0.319702
FixedParameters: 0 0 0

#Transform 189
Transform: AffineTransform_float_3_3
Parameters: 0.999995 0.00196984 0.00256467 -0.00197258 0.999998 0.000887087 -0.00256332 -0.000892913 0.999996 -0.141118 0.0866669 0.254596
FixedParameters: 0 0 0

#Transform 190
Transform: AffineTransform_float_3_3
Parameters: 0.999994 0.00180977 0.00301928 -0.00181301 0.999998 0.00117984 -0.00301633 -0.00118516 0.999995 -0.118595 0.0531718 0.327442
FixedParameters: 0 0 0

#Transform 191
Transform: AffineTransform_float_3_3
