#Insight Transform File V1.0
#Transform 0
Transform: AffineTransform_float_3_3
Parameters: 1 0.000565211 2.42243e-05 -0.000565075 1 -0.00104401 -2.44079e-05 0.00104399 1 -0.0460669 -0.130102 -0.0226701
FixedParameters: 0 0 0

#Transform 1
Transform: AffineTransform_float_3_3
Parameters: 1 -6.17693e-05 5.34341e-06 6.17774e-05 0.999999 -0.000769999 -5.24828e-06 0.00077 0.999999 -0.00901413 -0.0658687 -0.00696515
FixedParameters: 0 0 0

#Transform 2
Transform: AffineTransform_float_3_3
Parameters: 1 -0.000466532 0.000338515 0.000466122 0.999999 -0.000867842 -0.00033762 0.000868157 0.999999 0.00103469 -0.115341 -0.0283012
FixedParameters: 0 0 0

#Transform 3
Transform: AffineTransform_float_3_3
Parameters: 0.999999 -0.000906662 0.000136201 0.000906739 0.999999 -0.000282876 -0.000135688 0.000283123 1 0.0126849 -0.0610948 0.00972778
FixedParameters: 0 0 0

#Transform 4
Transform: AffineTransform_float_3_3
Parameters: 1 -0.00049218 4.23662e-05 0.000492209 1 -0.000345979 -4.20256e-05 0.000346021 1 -0.00247901 -0.11018 0.00665927
FixedParameters: 0 0 0

#Transform 5
Transform: AffineTransform_float_3_3
Parameters: 0.999999 -0.000829495 0.000228012 0.00082967 0.999999 -0.000384811 -0.000227373 0.000385189 1 0.00871262 -0.0522599 0.0114181
FixedParameters: 0 0 0

#Transform 6
Transform: AffineTransform_float_3_3
Parameters: 1 -0.000452305 0.00050473 0.000451821 1 -0.000507772 -0.000504185 0.000508228 0.999999 -0.0155866 -0.132443 0.0153573
FixedParameters: 0 0 0

#Transform 7
Transform: AffineTransform_float_3_3
Parameters: 1 -0.000492168 4.24996e-05 0.00049222 0.999999 -0.000616979 -4.18922e-05 0.00061702 1 -0.00155059 -0.0382723 0.00220297
FixedParameters: 0 0 0

#Transform 8
Transform: AffineTransform_float_3_3
Parameters: 0.999999 -0.000426932 0.000803405 0.000426939 1 -3.65699e-06 -0.000803401 4.343e-06 0.999999 0.030163 -0.0966941 0.0222724
FixedParameters: 0 0 0

#Transform 9
Transform: AffineTransform_float_3_3
Parameters: 0.999999 -0.00082579 0.000225277 0.000825746 0.999999 9.8186e-05 -0.000225439 -9.78138e-05 1 0.0270078 -0.0110631 0.0128731
FixedParameters: 0 0 0

#Transform 10
Transform: AffineTransform_float_3_3
Parameters: 0.999999 -0.000853941 0.000882899 0.000854424 0.999999 0.000290762 -0.00088348 -0.000290238 0.999999 0.0467817 -0.0829742 0.0864299
FixedParameters: 0 0 0

#Transform 11
Transform: AffineTransform_float_3_3
Parameters: 1 -0.000528594 0.00036654 0.00052866 1 -8.88062e-05 -0.000366446 8.91937e-05 1 0.0301907 -0.0442139 0.00888541
FixedParameters: 0 0 0

#Transform 12
Transform: AffineTransform_float_3_3
Parameters: 1 -0.000663116 0.000979904 0.000663275 0.999999 0.000427657 -0.000980557 -0.000427342 0.999999 0.0376498 -0.0502646 0.0905194
FixedParameters: 0 0 0

#Transform 13
Transform: AffineTransform_float_3_3
Parameters: 0.999999 -0.000892073 0.000435711 0.000892994 0.999999 8.63891e-05 -0.000435949 -8.56111e-05 1 0.0262814 -0.0134624 -0.0129559
FixedParameters: 0 0 0

#Transform 14
Transform: AffineTransform_float_3_3
Parameters: 0.999999 -0.000567874 0.00079295 0.000566825 0.999999 0.000715449 -0.000792765 -0.000714549 0.999999 0.0304586 -0.0571105 0.0862794
FixedParameters: 0 0 0

#Transform 15
Transform: AffineTransform_float_3_3
Parameters: 1 -0.000342758 0.000486972 0.000342542 1 0.000222167 -0.000487124 -0.000221833 1 0.0246911 -0.0490007 0.0269004
FixedParameters: 0 0 0

#Transform 16
Transform: AffineTransform_float_3_3
Parameters: 0.999999 -0.000245971 0.000692441 0.000245519 1 0.000326177 -0.000692602 -0.000326822 0.999999 0.030683 -0.0169172 0.0742067
FixedParameters: 0 0 0

#Transform 17
Transform: AffineTransform_float_3_3
Parameters: 1 -0.000157872 0.000314535 0.000157532 1 0.000540049 -0.000314705 -0.00053995 1 0.00836315 -0.0514511 0.0719837
FixedParameters: 0 0 0

#Transform 18
Transform: AffineTransform_float_3_3
Parameters: 1 -1.78387e-05 0.000225344 1.77949e-05 1 9.7004e-05 -0.000225347 -9.6996e-05 1 0.0208568 -0.00266233 0.0599073
FixedParameters: 0 0 0

#Transform 19
Transform: AffineTransform_float_3_3
Parameters: 1 0.000353663 0.000532815 -0.000352934 1 0.000250812 -0.000532723 -0.000251188 1 -0.00139858 -0.0866965 0.073871
FixedParameters: 0 0 0

#Transform 20
Transform: AffineTransform_float_3_3
Parameters: 1 -5.49151e-05 -0.000207061 5.48604e-05 1 -0.000132011 0.000207076 0.000131989 1 -0.00524209 -0.00180951 -0.00588068
FixedParameters: 0 0 0

#Transform 21
Transform: AffineTransform_float_3_3
Parameters: 1 1.30345e-05 0.00058802 -1.35154e-05 1 0.000408992 -0.000588009 -0.000409008 0.999999 0.0341028 -0.0674869 0.087147
FixedParameters: 0 0 0

#Transform 22
Transform: AffineTransform_float_3_3
Parameters: 1 -3.60982e-05 1.2121e-05 3.60938e-05 1 0.000182 -1.21341e-05 -0.000182 1 -9.00427e-05 -0.0157725 0.0267692
FixedParameters: 0 0 0

#Transform 23
Transform: AffineTransform_float_3_3
Parameters: 1 0.000181057 0.000263565 -0.00018128 1 0.000422952 -0.000263411 -0.000423048 1 0.00525081 -0.0474634 0.104705
FixedParameters: 0 0 0

#Transform 24
Transform: AffineTransform_float_3_3
Parameters: 1 -2.01852e-05 0.000198438 2.00609e-05 1 0.000313004 -0.00019845 -0.000312996 1 -0.00940231 -0.0511808 0.0145996
FixedParameters: 0 0 0

#Transform 25
Transform: AffineTransform_float_3_3
Parameters: 1 6.85203e-05 3.1567e-06 -6.85201e-05 1 -3.00002e-05 -3.16081e-06 2.99998e-05 1 -0.0122375 -0.0231075 0.0376562
FixedParameters: 0 0 0

#Transform 26
Transform: AffineTransform_float_3_3
Parameters: 1 0.000298676 -1.65642e-05 -0.000298676 1 2.80049e-05 1.65809e-05 -2.7995e-05 1 -0.0288437 -0.0752475 0.0729022
FixedParameters: 0 0 0

#Transform 27
Transform: AffineTransform_float_3_3
Parameters: 1 -2.33456e-05 0.000160586 2.33922e-05 1 -0.000144996 -0.00016058 0.000145004 1 0.016385 -0.0107688 -0.0229341
FixedParameters: 0 0 0

#Transform 28
Transform: AffineTransform_float_3_3
Parameters: 1 -2.03274e-06 0.000410665 1.82577e-06 1 0.000252001 -0.000410666 -0.000251999 1 0.019164 -0.0653235 0.0503754
FixedParameters: 0 0 0

#Transform 29
Transform: AffineTransform_float_3_3
Parameters: 1 -3.60907e-05 1.21435e-05 3.61014e-05 1 -0.000441999 -1.21116e-05 0.000442 1 -0.0104255 -0.0535947 -0.0401046
FixedParameters: 0 0 0

#Transform 30
Transform: AffineTransform_float_3_3
Parameters: 1 -5.78619e-06 0.00036583 5.75985e-06 1 3.60021e-05 -0.00036583 -3.59979e-05 1 0.00303322 -0.0720026 0.0383582
FixedParameters: 0 0 0

#Transform 31
Transform: AffineTransform_float_3_3
Parameters: 1 0.000402285 -2.56249e-05 -0.000402306 1 -0.00041999 2.52869e-05 0.00042001 1 -0.0273593 -0.090223 -0.0165213
FixedParameters: 0 0 0

#Transform 32
Transform: AffineTransform_float_3_3
Parameters: 1 -3.60899e-05 1.21457e-05 3.61021e-05 1 -0.000501999 -1.21094e-05 0.000502 1 0.0125923 -0.036122 -0.00917747
FixedParameters: 0 0 0

#Transform 33
Transform: AffineTransform_float_3_3
Parameters: 1 -3.60961e-05 1.21273e-05 3.6096e-05 1 6.00044e-06 -1.21278e-05 -5.99956e-06 1 -0.0042249 -0.099569 0.0367804
FixedParameters: 0 0 0

#Transform 34
Transform: AffineTransform_float_3_3
Parameters: 1 -4.95027e-05 -0.000143274 4.93394e-05 1 -0.000570007 0.00014333 0.000569993 1 -0.0142968 -0.0307516 -0.01409
FixedParameters: 0 0 0

#Transform 35
Transform: AffineTransform_float_3_3
Parameters: 1 8.95707e-05 0.000236193 -8.94375e-05 1 -0.000282021 -0.000236243 0.000281979 1 -0.00890834 -0.1003 0.0495944
FixedParameters: 0 0 0

#Transform 36
Transform: AffineTransform_float_3_3
Parameters: 1 0.00025063 -0.000155057 -0.000250727 1 -0.000312961 0.0001549 0.000313039 1 -0.0311171 -0.0508568 -0.0316867
FixedParameters: 0 0 0

#Transform 37
Transform: AffineTransform_float_3_3
Parameters: 1 -3.60941e-05 1.21334e-05 3.6098e-05 1 -0.000162 -1.21217e-05 0.000162 1 -0.0052468 -0.0457563 0.0400949
FixedParameters: 0 0 0

#Transform 38
Transform: AffineTransform_float_3_3
Parameters: 1 0.000205512 5.56231e-05 -0.000205497 1 -0.000130011 -5.56765e-05 0.000129989 1 -0.0124209 -0.0643106 -0.00352113
FixedParameters: 0 0 0

#Transform 39
Transform: AffineTransform_float_3_3
Parameters: 1 0.000138917 -0.000323045 -0.000138911 1 1.00449e-05 0.000323048 -9.95512e-06 1 -0.00391167 -0.0124974 0.00721635
FixedParameters: 0 0 0

#Transform 40
Transform: AffineTransform_float_3_3
Parameters: 1 0.000675287 -4.89547e-05 -0.000675301 1 -0.000139967 4.87656e-05 0.000140033 1 -0.00673956 -0.0944346 0.0432591
FixedParameters: 0 0 0

#Transform 41
Transform: AffineTransform_float_3_3
Parameters: 1 0.000150716 -0.000452603 -0.000151077 1 -0.000398932 0.000452483 0.000399068 1 -0.00697952 -0.0319375 -0.0422988
FixedParameters: 0 0 0

#Transform 42
Transform: AffineTransform_float_3_3
Parameters: 1 -4.1749e-05 -5.36192e-05 4.17181e-05 1 -0.000288002 5.36433e-05 0.000287998 1 0.0129575 -0.0707638 0.0549058
FixedParameters: 0 0 0

#Transform 43
Transform: AffineTransform_float_3_3
Parameters: 1 0.00027811 0.000140626 -0.00027797 1 -0.000499039 -0.000140904 0.000498961 1 -0.00916151 -0.0864376 0.0150737
FixedParameters: 0 0 0

#Transform 44
Transform: AffineTransform_float_3_3
Parameters: 1 0.000117759 -6.63163e-05 -0.000117775 1 -0.000124992 6.62869e-05 0.000125008 1 0.00235332 -0.0354473 0.0166503
FixedParameters: 0 0 0

#Transform 45
Transform: AffineTransform_float_3_3
Parameters: 1 0.000138606 1.17452e-06 -0.000138606 1 6.89998e-05 -1.15539e-06 -6.90002e-05 1 0.00423937 -0.0707445 0.0221404
FixedParameters: 0 0 0

#Transform 46
Transform: AffineTransform_float_3_3
Parameters: 1 0.000109381 -0.000256345 -0.000108555 1 -0.000498972 0.000257147 0.000499028 1 -0.0231075 -0.0108946 -0.0226299
FixedParameters: 0 0 0

#Transform 47
Transform: AffineTransform_float_3_3
Parameters: 1 0.000264461 8.77294e-05 -0.00026446 1 -7.0232e-06 -8.77331e-05 6.9768e-06 1 -0.00587777 -0.0780207 0.0325855
FixedParameters: 0 0 0

#Transform 48
Transform: AffineTransform_float_3_3
Parameters: 1 0.000674924 -0.000714809 -0.000675902 1 -0.000743518 0.0007148 0.000744484 1 -0.0558638 -0.0544398 -0.0237849
FixedParameters: 0 0 0

#Transform 49
Transform: AffineTransform_float_3_3
Parameters: 1 0.000200264 -1.7188e-05 -0.000200267 1 -9.59966e-05 1.71496e-05 9.60034e-05 1 -0.0141295 -0.0728511 0.013662
FixedParameters: 0 0 0

#Transform 50
Transform: AffineTransform_float_3_3
Parameters: 1 0.00017078 -0.000265675 -0.0001711 1 -0.000602954 0.000265469 0.000603045 1 -0.00431756 -0.0646002 -0.0389693
FixedParameters: 0 0 0

#Transform 51
Transform: AffineTransform_float_3_3
Parameters: 1 4.38439e-05 -0.000155331 -4.39436e-05 1 -0.000320993 0.000155303 0.000321007 1 0.0126574 -0.0484083 0.0188444
FixedParameters: 0 0 0

#Transform 52
Transform: AffineTransform_float_3_3
Parameters: 1 0.000257668 -0.000212913 -0.000257863 1 -0.000456945 0.000212677 0.000457055 1 -0.0214979 -0.101849 -0.014338
FixedParameters: 0 0 0

#Transform 53
Transform: AffineTransform_float_3_3
Parameters: 0.999999 -1.62077e-05 -0.000852752 1.55886e-05 1 -0.000363013 0.000852764 0.000362986 0.999999 -0.0268199 -0.0373367 -0.000365495
FixedParameters: 0 0 0

#Transform 54
Transform: AffineTransform_float_3_3
Parameters: 1 0.000229523 -0.000400161 -0.000229723 1 -0.000356908 0.000400994 0.000357092 1 -0.00717996 -0.109664 0.0056753
FixedParameters: 0 0 0

#Transform 55
Transform: AffineTransform_float_3_3
Parameters: 1 0.000579577 -0.000331249 -0.000580159 1 -0.000879893 0.000330229 0.000880106 0.999999 -0.024884 -0.0495768 -0.0309709
FixedParameters: 0 0 0

#Transform 56
Transform: AffineTransform_float_3_3
Parameters: 1 0.000234576 -0.00033311 -0.000234209 1 0.000550078 0.000333368 -0.000549922 1 -0.0147679 -0.0662949 0.0591265
FixedParameters: 0 0 0

#Transform 57
Transform: AffineTransform_float_3_3
Parameters: 0.999999 0.000923612 -0.000866963 -0.000924101 0.999999 -0.000906193 0.000866199 0.000906808 1 -0.0710976 -0.079301 -0.00311218
FixedParameters: 0 0 0

#Transform 58
Transform: AffineTransform_float_3_3
Parameters: 1 0.000663788 -0.00092838 -0.000664427 0.999999 -0.000389383 0.000928859 0.000390617 0.999999 -0.047996 -0.0271007 0.0415229
FixedParameters: 0 0 0

#Transform 59
Transform: AffineTransform_float_3_3
Parameters: 0.999999 0.000392689 -0.000721269 -0.000392978 1 -0.000200709 0.000721111 0.00020029 1 -0.0354415 -0.0865425 0.0465866
FixedParameters: 0 0 0

#Transform 60
Transform: AffineTransform_float_3_3
Parameters: 1 0.000369886 -0.00098052 -0.00037128 0.999999 -0.000753551 0.000980957 0.000754448 0.999999 -0.0369714 -0.0173619 0.0160831
FixedParameters: 0 0 0

#Transform 61
Transform: AffineTransform_float_3_3
Parameters: 1 0.000710037 -0.000777637 -0.000710245 0.999999 -0.000188448 0.000778365 0.000189553 0.999999 -0.0557369 -0.105755 0.043858
FixedParameters: 0 0 0

#Transform 62
Transform: AffineTransform_float_3_3
Parameters: 0.999999 0.000778503 -0.00123656 -0.000779946 1 -0.000618022 0.0012366 0.000617978 0.999999 -0.0774808 -0.0493845 -0.0252381
FixedParameters: 0 0 0

#Transform 63
Transform: AffineTransform_float_3_3
Parameters: 1 0.000860335 -0.000639168 -0.000860818 0.999999 -0.00037745 0.000638517 0.000378549 0.999999 -0.061919 -0.0749415 0.0538301
FixedParameters: 0 0 0

#Transform 64
Transform: AffineTransform_float_3_3
Parameters: 1 0.000827314 -0.000812054 -0.000827081 1 -0.000469414 0.000811191 0.000470586 0.999999 -0.0665741 -0.0810472 0.00954718
FixedParameters: 0 0 0

#Transform 65
Transform: AffineTransform_float_3_3
Parameters: 0.999999 0.000154989 -0.000764121 -0.000154622 1 -0.000411882 0.000763908 0.000412118 0.999999 -0.0254846 -0.0226937 0.0118686
FixedParameters: 0 0 0

#Transform 66
Transform: AffineTransform_float_3_3
Parameters: 0.999999 0.000385224 -0.000807957 -0.00038558 1 -0.000219688 0.000807787 0.000220311 0.999999 -0.049601 -0.086781 0.0161322
FixedParameters: 0 0 0

#Transform 67
Transform: AffineTransform_float_3_3
Parameters: 1 0.000354477 -0.00116661 -0.000354827 1 -0.000149501 0.0011665 0.000150499 1 -0.0653708 -0.0166218 0.028335
FixedParameters: 0 0 0

#Transform 68
Transform: AffineTransform_float_3_3
Parameters: 0.999999 0.000475947 -0.000815716 -0.000476192 1 -0.000149612 0.000815573 0.000150388 0.999999 -0.0676228 -0.0907206 0.0533988
FixedParameters: 0 0 0

#Transform 69
Transform: AffineTransform_float_3_3
Parameters: 1 0.000358098 -0.00111894 -0.000359322 1 -0.000584513 0.00111952 0.000585486 0.999999 -0.0661246 -0.0188084 -0.0227534
FixedParameters: 0 0 0

#Transform 70
Transform: AffineTransform_float_3_3
Parameters: 0.999999 0.000294153 -0.000892261 -0.000293549 1 0.000338262 0.00089246 -0.000337737 0.999999 -0.0525372 -0.0595043 0.0651394
FixedParameters: 0 0 0

#Transform 71
Transform: AffineTransform_float_3_3
Parameters: 0.999999 0.000323695 -0.0015155 -0.000324735 0.999999 -0.000699423 0.00151596 0.000700576 0.999998 -0.0910121 -0.0585627 -0.00392142
FixedParameters: 0 0 0

#Transform 72
Transform: AffineTransform_float_3_3
Parameters: 0.999999 0.00034997 -0.00121552 -0.000350964 1 -0.000408489 0.00121523 0.000409511 0.999999 -0.0790728 -0.0543009 0.0399409
FixedParameters: 0 0 0

#Transform 73
Transform: AffineTransform_float_3_3
Parameters: 0.999998 0.000534645 -0.00186196 -0.000535172 0.999999 -0.000698827 0.00186203 0.000700174 0.999998 -0.128941 -0.0706766 0.0345872
FixedParameters: 0 0 0

#Transform 74
Transform: AffineTransform_float_3_3
Parameters: 0.999999 0.000300683 -0.00178839 -0.000302022 1 -0.000374283 0.00178816 0.000374716 0.999999 -0.112425 -0.0260672 0.0566924
FixedParameters: 0 0 0

#Transform 75
Transform: AffineTransform_float_3_3
Parameters: 0.999999 0.000210128 -0.00153173 -0.000211761 1 -0.000532591 0.0015315 0.000533407 0.999998 -0.0961954 -0.0861356 0.0148982
FixedParameters: 0 0 0

#Transform 76
Transform: AffineTransform_float_3_3
Parameters: 0.999998 0.000278676 -0.0020405 -0.000279811 1 -0.000522252 0.00204012 0.000522747 0.999998 -0.108376 -0.0158637 0.0389912
FixedParameters: 0 0 0

#Transform 77
Transform: AffineTransform_float_3_3
Parameters: 0.999998 0.000485584 -0.00191567 -0.000486732 1 -0.000298891 0.00191538 0.000300108 0.999998 -0.110812 -0.0775039 0.062775
FixedParameters: 0 0 0

#Transform 78
Transform: AffineTransform_float_3_3
Parameters: 0.999995 0.000814431 -0.00280847 -0.000816841 1 -0.000605432 0.00280739 0.000607566 0.999996 -0.138367 -0.0257622 0.0200332
FixedParameters: 0 0 0

#Transform 79
Transform: AffineTransform_float_3_3
Parameters: 0.999996 0.000644184 -0.00253287 -0.000642758 0.999999 0.000478899 0.00253357 -0.000477099 0.999997 -0.128426 -0.0692958 0.0611953
FixedParameters: 0 0 0

#Transform 80
Transform: AffineTransform_float_3_3
Parameters: 0.999996 0.00052637 -0.00252378 -0.00052834 1 -0.000801484 0.00252376 0.000802516 0.999996 -0.118217 -0.0520304 -0.038897
FixedParameters: 0 0 0

#Transform 81
Transform: AffineTransform_float_3_3
Parameters: 0.999997 0.00025348 -0.00233439 -0.000254613 1 -0.000456137 0.00233407 0.000455863 0.999997 -0.083084 -0.0546404 0.0556333
FixedParameters: 0 0 0

#Transform 82
Transform: AffineTransform_float_3_3
Parameters: 0.999996 0.000207526 -0.00287038 -0.000208659 1 -0.000371047 0.00287014 0.000370952 0.999996 -0.125224 -0.0433001 0.0331113
FixedParameters: 0 0 0

#Transform 83
Transform: AffineTransform_float_3_3
Parameters: 0.999997 0.000293081 -0.002713 -0.000292598 1 -9.38588e-05 0.00271286 9.51432e-05 0.999997 -0.1271 -0.0396869 0.100576
FixedParameters: 0 0 0

#Transform 84
Transform: AffineTransform_float_3_3
Parameters: 0.999996 0.000207481 -0.00287435 -0.000209013 1 -0.000266053 0.00287424 0.000266945 0.999996 -0.135638 -0.0516389 0.00274119
FixedParameters: 0 0 0

#Transform 85
Transform: AffineTransform_float_3_3
Parameters: 0.999997 -5.07029e-05 -0.00247366 5.126e-05 1 0.000314129 0.00247371 -0.000313871 0.999997 -0.122026 -0.0385262 0.0639886
FixedParameters: 0 0 0

#Transform 86
Transform: AffineTransform_float_3_3
Parameters: 0.999996 0.000158002 -0.00255687 -0.000158357 1 -6.93327e-05 0.00255684 6.96668e-05 0.999997 -0.136952 -0.0560347 0.0188022
FixedParameters: 0 0 0

#Transform 87
Transform: AffineTransform_float_3_3
Parameters: 0.999997 -8.65714e-05 -0.00241538 8.76957e-05 1 0.000439045 0.00241539 -0.000438955 0.999997 -0.111448 -0.00358597 0.0527821
FixedParameters: 0 0 0

#Transform 88
Transform: AffineTransform_float_3_3
Parameters: 0.999996 0.000194918 -0.00284204 -0.000194989 1 -1.20982e-05 0.00284204 1.29017e-05 0.999996 -0.155247 -0.0525121 0.0382982
FixedParameters: 0 0 0

#Transform 89
Transform: AffineTransform_float_3_3
Parameters: 0.999995 -4.84359e-06 -0.00317018 4.76433e-06 1 -1.25823e-05 0.00317018 1.24175e-05 0.999995 -0.157333 -0.00784552 0.0539679
FixedParameters: 0 0 0

#Transform 90
Transform: AffineTransform_float_3_3
Parameters: 0.999996 0.000283371 -0.00282837 -0.000282494 1 0.000331155 0.00282864 -0.000330845 0.999996 -0.167715 -0.0708839 0.0611719
FixedParameters: 0 0 0

#Transform 91
Transform: AffineTransform_float_3_3
Parameters: 0.999995 -7.42555e-05 -0.00297359 7.32714e-05 1 -0.000332794 0.00297355 0.000333206 0.999996 -0.141484 0.000706804 0.0341537
FixedParameters: 0 0 0

#Transform 92
Transform: AffineTransform_float_3_3
Parameters: 0.999997 -0.000195954 -0.00268608 0.000196351 1 7.38133e-05 0.00268605 -7.41862e-05 0.999997 -0.133062 -0.0605881 0.0882748
FixedParameters: 0 0 0

#Transform 93
Transform: AffineTransform_float_3_3
Parameters: 0.999994 6.54641e-05 -0.00325954 -6.61779e-05 1 -0.000109352 0.00325953 0.000109647 0.999994 -0.167892 -0.0152469 0.0279044
FixedParameters: 0 0 0

#Transform 94
Transform: AffineTransform_float_3_3
Parameters: 0.999995 0.000226712 -0.00310668 -0.000226215 1 8.01433e-05 0.00310672 -7.9856e-05 0.999995 -0.163742 -0.046671 0.0984427
FixedParameters: 0 0 0

#Transform 95
Transform: AffineTransform_float_3_3
Parameters: 0.999997 2.35188e-05 -0.00264772 -2.4337e-05 1 -0.000154673 0.00264772 0.000154325 0.999996 -0.152585 -0.0555802 0.0658876
FixedParameters: 0 0 0

#Transform 96
Transform: AffineTransform_float_3_3
Parameters: 0.999996 -2.08359e-05 -0.00281653 2.04726e-05 1 -6.47102e-05 0.00281653 6.42893e-05 0.999996 -0.143501 -0.00747212 0.0813535
FixedParameters: 0 0 0

#Transform 97
Transform: AffineTransform_float_3_3
Parameters: 0.999997 0.000164266 -0.00272394 -0.000163588 1 0.000124794 0.00272398 -0.000124205 0.999997 -0.143714 -0.0750784 0.0813891
FixedParameters: 0 0 0

#Transform 98
Transform: AffineTransform_float_3_3
Parameters: 0.999996 -0.000230086 -0.00307359 0.000229669 1 -0.000230282 0.00307361 0.000229719 0.999995 -0.136437 -0.00942166 0.0221693
FixedParameters: 0 0 0

#Transform 99
Transform: AffineTransform_float_3_3
Parameters: 0.999996 -0.000337403 -0.00298612 0.000339182 1 0.000297414 0.00298592 -0.000298583 0.999996 -0.147797 -0.0674254 0.0723718
FixedParameters: 0 0 0

#Transform 100
Transform: AffineTransform_float_3_3
Parameters: 0.999995 -0.000455962 -0.00333018 0.00045529 1 -0.000251014 0.00333033 0.000249986 0.999995 -0.144595 -0.0307218 -0.0127704
FixedParameters: 0 0 0

#Transform 101
Transform: AffineTransform_float_3_3
Parameters: 0.999995 -0.000824633 -0.0028722 0.000826034 0.999999 0.000242954 0.0028718 -0.000245043 0.999995 -0.129811 -0.0412606 0.0429084
FixedParameters: 0 0 0

#Transform 102
Transform: AffineTransform_float_3_3
Parameters: 0.999995 -0.000825552 -0.00287193 0.000826026 1 -7.70468e-05 0.00287098 7.4956e-05 0.999996 -0.120321 -0.0566347 0.0260552
FixedParameters: 0 0 0

#Transform 103
Transform: AffineTransform_float_3_3
Parameters: 0.999994 -0.00108499 -0.00329596 0.00108689 0.999999 0.000738833 0.00329461 -0.000743168 0.999994 -0.14346 -0.00103478 0.0718647
FixedParameters: 0 0 0

#Transform 104
Transform: AffineTransform_float_3_3
Parameters: 0.999993 -0.000875664 -0.00347614 0.000877531 0.999999 0.000410448 0.00347551 -0.00041355 0.999994 -0.192805 -0.0624094 0.0505143
FixedParameters: 0 0 0

#Transform 105
Transform: AffineTransform_float_3_3
Parameters: 0.99999 -0.00115432 -0.00416837 0.00115816 0.999999 0.00092484 0.00416756 -0.00093016 0.99999 -0.199586 0.00592516 0.079391
FixedParameters: 0 0 0

#Transform 106
Transform: AffineTransform_float_3_3
Parameters: 0.999992 -0.00140342 -0.00368414 0.0014091 0.999998 0.0014213 0.00368255 -0.0014267 0.999992 -0.189517 -0.0442338 0.100932
FixedParameters: 0 0 0

#Transform 107
Transform: AffineTransform_float_3_3
Parameters: 0.999993 -0.00155717 -0.00321845 0.0015609 0.999998 0.0013243 0.00321673 -0.00132971 0.999994 -0.173774 -0.0230621 0.0617905
FixedParameters: 0 0 0

#Transform 108
Transform: AffineTransform_float_3_3
Parameters: 0.999991 -0.0019377 -0.00371044 0.00194026 0.999998 0.000856276 0.00370944 -0.000863729 0.999993 -0.170444 0.00388729 0.0328066
FixedParameters: 0 0 0

#Transform 109
Transform: AffineTransform_float_3_3
Parameters: 0.999991 -0.00204049 -0.00357212 0.00204541 0.999997 0.00135817 0.00356897 -0.00136583 0.999993 -0.163365 0.0471701 0.0990445
FixedParameters: 0 0 0

#Transform 110
Transform: AffineTransform_float_3_3
Parameters: 0.999994 -0.0014993 -0.00333934 0.00150301 0.999998 0.000988376 0.00333762 -0.000992621 0.999993 -0.180241 -0.0430759 0.0941984
FixedParameters: 0 0 0

#Transform 111
Transform: AffineTransform_float_3_3
Parameters: 0.999989 -0.00217355 -0.00402129 0.00217625 0.999998 0.000681793 0.00402055 -0.000690209 0.999992 -0.173516 0.0176968 0.0364733
FixedParameters: 0 0 0

#Transform 112
Transform: AffineTransform_float_3_3
Parameters: 0.999991 -0.00213581 -0.00361036 0.00214028 0.999997 0.00142066 0.00360677 -0.00142834 0.999992 -0.16712 -0.0344961 0.113009
FixedParameters: 0 0 0

#Transform 113
Transform: AffineTransform_float_3_3
Parameters: 0.999989 -0.00202356 -0.00421191 0.00202661 0.999998 0.000820103 0.00420991 -0.000828899 0.999991 -0.21048 -0.0137825 0.0643227
FixedParameters: 0 0 0

#Transform 114
Transform: AffineTransform_float_3_3
Parameters: 0.999991 -0.00213534 -0.00361063 0.00214084 0.999997 0.00155066 0.00360749 -0.00155834 0.999992 -0.179983 -0.029075 0.136766
FixedParameters: 0 0 0

#Transform 115
Transform: AffineTransform_float_3_3
Parameters: 0.999989 -0.00194314 -0.00415293 0.00194738 0.999998 0.00108655 0.0041511 -0.00109445 0.999991 -0.197953 -0.0235071 0.0706089
FixedParameters: 0 0 0

#Transform 116
Transform: AffineTransform_float_3_3
Parameters: 0.999991 -0.002016 -0.00391343 0.00202104 0.999997 0.00138265 0.00391034 -0.00139035 0.999991 -0.205824 0.00659121 0.124174
FixedParameters: 0 0 0

#Transform 117
Transform: AffineTransform_float_3_3
Parameters: 0.999989 -0.00169635 -0.00424004 0.00170412 0.999997 0.00183343 0.00423647 -0.00184057 0.999989 -0.223458 -0.0269639 0.10187
FixedParameters: 0 0 0

#Transform 118
Transform: AffineTransform_float_3_3
Parameters: 0.999988 -0.00139024 -0.00466337 0.00139546 0.999998 0.0010814 0.00466177 -0.00108759 0.999989 -0.24785 0.0465395 0.0849658
FixedParameters: 0 0 0

#Transform 119
Transform: AffineTransform_float_3_3
Parameters: 0.999988 -0.0015376 -0.00463089 0.00154649 0.999997 0.00201467 0.00462751 -0.00202133 0.999987 -0.261043 0.0335532 0.236039
FixedParameters: 0 0 0

#Transform 120
Transform: AffineTransform_float_3_3
Parameters: 0.999987 -0.00166256 -0.0048453 0.00166912 0.999998 0.00128182 0.00484252 -0.00129018 0.999987 -0.259482 0.0560369 0.131718
FixedParameters: 0 0 0

#Transform 121
Transform: AffineTransform_float_3_3
Parameters: 0.999987 -0.00168201 -0.00490991 0.00169184 0.999996 0.00208769 0.00490679 -0.00209531 0.999986 -0.255097 0.0876294 0.18669
FixedParameters: 0 0 0

#Transform 122
Transform: AffineTransform_float_3_3
Parameters: 0.999986 -0.00136444 -0.00498642 0.00137313 0.999997 0.00185925 0.00498318 -0.00186575 0.999986 -0.268613 0.00120576 0.191775
FixedParameters: 0 0 0

#Transform 123
Transform: AffineTransform_float_3_3
Parameters: 0.999985 -0.00148858 -0.00529189 0.0014971 0.999998 0.00164026 0.00528875 -0.00164874 0.999985 -0.265579 0.0787047 0.129692
FixedParameters: 0 0 0

#Transform 124
Transform: AffineTransform_float_3_3
Parameters: 0.999987 -0.00146192 -0.00479092 0.00147304 0.999997 0.00217087 0.00478838 -0.00217813 0.999986 -0.236285 0.00685011 0.196697
FixedParameters: 0 0 0

#Transform 125
Transform: AffineTransform_float_3_3
Parameters: 0.999984 -0.00153761 -0.0055241 0.00154908 0.999997 0.00210171 0.00552062 -0.00211029 0.999982 -0.258346 0.0692534 0.134448
FixedParameters: 0 0 0

#Transform 126
Transform: AffineTransform_float_3_3
Parameters: 0.999984 -0.00139338 -0.0053475 0.00140413 0.999997 0.00210368 0.00534462 -0.00211132 0.999983 -0.261644 0.00192531 0.199489
FixedParameters: 0 0 0

#Transform 127
Transform: AffineTransform_float_3_3
Parameters: 0.999983 -0.00123767 -0.00580168 0.00124735 0.999998 0.00159621 0.00579947 -0.00160379 0.999982 -0.278449 0.0328939 0.135223
FixedParameters: 0 0 0

#Transform 128
Transform: AffineTransform_float_3_3
Parameters: 0.999983 -0.00163459 -0.00560532 0.00164672 0.999996 0.00212112 0.00560236 -0.00213088 0.999982 -0.261187 0.0284008 0.220907
FixedParameters: 0 0 0

#Transform 129
Transform: AffineTransform_float_3_3
Parameters: 0.999983 -0.00118398 -0.00558077 0.00119593 0.999997 0.00212369 0.00557872 -0.00213031 0.999982 -0.295133 0.0567016 0.178176
FixedParameters: 0 0 0

#Transform 130
Transform: AffineTransform_float_3_3
Parameters: 0.999981 -0.00108036 -0.00596264 0.00109201 0.999997 0.00197003 0.00596037 -0.00197597 0.99998 -0.310474 0.0748878 0.220237
FixedParameters: 0 0 0

#Transform 131
Transform: AffineTransform_float_3_3
Parameters: 0.999982 -0.00083893 -0.00595481 0.000851404 0.999997 0.00212548 0.00595332 -0.00213051 0.99998 -0.31607 0.0523197 0.214079
FixedParameters: 0 0 0

#Transform 132
Transform: AffineTransform_float_3_3
Parameters: 0.999982 -0.000683506 -0.00598582 0.000694978 0.999998 0.00187239 0.00598418 -0.00187561 0.99998 -0.324838 0.0749242 0.221023
FixedParameters: 0 0 0

#Transform 133
Transform: AffineTransform_float_3_3
Parameters: 0.999983 -0.000776764 -0.00587775 0.000789962 0.999997 0.00221492 0.00587639 -0.00222008 0.99998 -0.310554 0.0262849 0.184525
FixedParameters: 0 0 0

#Transform 134
Transform: AffineTransform_float_3_3
Parameters: 0.999982 -0.000944937 -0.00596698 0.000956221 0.999997 0.00202085 0.00596524 -0.00202716 0.99998 -0.302763 0.0996888 0.20081
FixedParameters: 0 0 0

#Transform 135
Transform: AffineTransform_float_3_3
Parameters: 0.999983 -0.000840198 -0.00588855 0.000853807 0.999997 0.00233045 0.00588679 -0.00233555 0.99998 -0.30504 0.0319196 0.259214
FixedParameters: 0 0 0

#Transform 136
Transform: AffineTransform_float_3_3
Parameters: 0.99998 -0.000902606 -0.00628377 0.000918343 0.999997 0.00243197 0.00628161 -0.00243803 0.999977 -0.321756 0.111883 0.248132
FixedParameters: 0 0 0

#Transform 137
Transform: AffineTransform_float_3_3
Parameters: 0.999982 -0.000602677 -0.0059033 0.00061522 0.999998 0.00198193 0.00590282 -0.00198507 0.999981 -0.308662 0.0215381 0.300393
FixedParameters: 0 0 0

#Transform 138
Transform: AffineTransform_float_3_3
Parameters: 0.999981 -0.000725818 -0.00613173 0.0007359 0.999998 0.00155113 0.00613023 -0.00155587 0.99998 -0.3249 0.0491362 0.210262
FixedParameters: 0 0 0

#Transform 139
Transform: AffineTransform_float_3_3
Parameters: 0.999983 -0.000991552 -0.00587098 0.00100648 0.999996 0.00244965 0.00586827 -0.00245535 0.99998 -0.299178 0.0718261 0.274709
FixedParameters: 0 0 0

#Transform 140
Transform: AffineTransform_float_3_3
Parameters: 0.999983 -0.000826235 -0.00578413 0.000836879 0.999998 0.00168562 0.00578308 -0.00169037 0.999981 -0.302167 0.0324185 0.210989
FixedParameters: 0 0 0

#Transform 141
Transform: AffineTransform_float_3_3
Parameters: 0.999983 -0.00109341 -0.00576209 0.00110781 0.999997 0.00235608 0.00576 -0.00236291 0.999981 -0.288684 0.102946 0.253703
FixedParameters: 0 0 0

#Transform 142
Transform: AffineTransform_float_3_3
Parameters: 0.999982 -0.000905017 -0.00594753 0.000921479 0.999996 0.00271508 0.00594493 -0.00271992 0.999979 -0.308275 0.0978051 0.270381
FixedParameters: 0 0 0

#Transform 143
Transform: AffineTransform_float_3_3
Parameters: 0.999984 -0.00110296 -0.00564757 0.00111285 0.999998 0.00182808 0.00564645 -0.00183393 0.999982 -0.288152 0.102779 0.278654
FixedParameters: 0 0 0

#Transform 144
Transform: AffineTransform_float_3_3
Parameters: 0.999983 -0.00103615 -0.00575963 0.00104722 0.999997 0.00198843 0.0057575 -0.00199457 0.999981 -0.280616 0.0425799 0.202605
FixedParameters: 0 0 0

#Transform 145
Transform: AffineTransform_float_3_3
Parameters: 0.999983 -0.00141969 -0.00562985 0.00142833 0.999998 0.00163331 0.00562803 -0.00164169 0.999983 -0.254694 0.102676 0.1886
FixedParameters: 0 0 0

#Transform 146
Transform: AffineTransform_float_3_3
Parameters: 0.999983 -0.00106813 -0.00561366 0.00108048 0.999997 0.00233231 0.00561083 -0.00233869 0.999982 -0.261269 0.0456268 0.240979
FixedParameters: 0 0 0

#Transform 147
Transform: AffineTransform_float_3_3
Parameters: 0.999984 -0.00122889 -0.00553899 0.00124207 0.999997 0.0022584 0.00553542 -0.00226559 0.999982 -0.258626 0.11496 0.236894
FixedParameters: 0 0 0

#Transform 148
Transform: AffineTransform_float_3_3
Parameters: 0.999984 -0.00106519 -0.00567006 0.00107805 0.999997 0.00226627 0.00566731 -0.00227274 0.999981 -0.268771 0.0277008 0.264604
FixedParameters: 0 0 0

#Transform 149
Transform: AffineTransform_float_3_3
Parameters: 0.999983 -0.00114195 -0.00559712 0.0011525 0.999998 0.00181491 0.0055958 -0.00182109 0.999983 -0.264057 0.0621884 0.206041
FixedParameters: 0 0 0

#Transform 150
Transform: AffineTransform_float_3_3
Parameters: 0.999985 -0.00103281 -0.00539473 0.00104426 0.999997 0.00215065 0.00539328 -0.00215635 0.999983 -0.245635 0.0545519 0.251715
FixedParameters: 0 0 0

#Transform 151
Transform: AffineTransform_float_3_3
Parameters: 0.999983 -0.00119516 -0.00560186 0.00120645 0.999997 0.0020566 0.00559993 -0.0020624 0.999982 -0.265799 0.083121 0.20262
FixedParameters: 0 0 0

#Transform 152
Transform: AffineTransform_float_3_3
Parameters: 0.999985 -0.00109165 -0.0054812 0.0011036 0.999997 0.00225323 0.00547935 -0.00225877 0.999982 -0.255732 0.0694528 0.283885
FixedParameters: 0 0 0

#Transform 153
Transform: AffineTransform_float_3_3
Parameters: 0.999984 -0.000634755 -0.00552233 0.000647264 0.999997 0.00220581 0.00552152 -0.00220918 0.999982 -0.266855 0.0470988 0.236845
FixedParameters: 0 0 0

#Transform 154
Transform: AffineTransform_float_3_3
Parameters: 0.999984 -0.000792595 -0.0055643 0.000804698 0.999997 0.0020629 0.00556294 -0.00206709 0.999982 -0.247863 0.0885632 0.246347
FixedParameters: 0 0 0

#Transform 155
Transform: AffineTransform_float_3_3
Parameters: 0.999983 -0.000563773 -0.00578315 0.000577224 0.999998 0.00228106 0.00578165 -0.00228494 0.99998 -0.257371 0.063116 0.244346
FixedParameters: 0 0 0

#Transform 156
Transform: AffineTransform_float_3_3
Parameters: 0.999981 -0.000604609 -0.00617007 0.000617787 0.999998 0.00203484 0.0061686 -0.00203915 0.999979 -0.267939 0.107428 0.259593
FixedParameters: 0 0 0

#Transform 157
Transform: AffineTransform_float_3_3
Parameters: 0.999981 -0.000593227 -0.00605163 0.000606852 0.999998 0.00227689 0.00605009 -0.00228011 0.999979 -0.27759 0.0227556 0.247242
FixedParameters: 0 0 0

#Transform 158
Transform: AffineTransform_float_3_3
Parameters: 0.99998 -0.000612898 -0.00628078 0.000626474 0.999997 0.0021898 0.00627926 -0.0021932 0.999978 -0.272174 0.124231 0.279698
FixedParameters: 0 0 0

#Transform 159
Transform: AffineTransform_float_3_3
Parameters: 0.999984 -0.000558295 -0.0056562 0.00057305 0.999996 0.00261625 0.00565551 -0.00261975 0.999981 -0.259681 0.0503924 0.299972
FixedParameters: 0 0 0

#Transform 160
Transform: AffineTransform_float_3_3
Parameters: 0.99998 -0.000874689 -0.00617582 0.000891606 0.999996 0.00273214 0.00617344 -0.00273686 0.999977 -0.267758 0.121724 0.311479
FixedParameters: 0 0 0

#Transform 161
Transform: AffineTransform_float_3_3
Parameters: 0.999983 -0.000570281 -0.0058017 0.000585918 0.999996 0.00263409 0.00579993 -0.0026379 0.999979 -0.267083 0.0481659 0.32419
FixedParameters: 0 0 0

#Transform 162
Transform: AffineTransform_float_3_3
Parameters: 0.999982 -0.000865853 -0.00585629 0.000879816 0.999997 0.00228832 0.00585439 -0.00229368 0.99998 -0.26441 0.135247 0.295769
FixedParameters: 0 0 0

#Transform 163
Transform: AffineTransform_float_3_3
Parameters: 0.999984 -0.00113492 -0.00554419 0.0011513 0.999995 0.00280799 0.00554104 -0.002814 0.999981 -0.251069 0.0879334 0.38265
FixedParameters: 0 0 0

#Transform 164
Transform: AffineTransform_float_3_3
Parameters: 0.999983 -0.000739358 -0.00586492 0.00075481 0.999996 0.00259014 0.00586232 -0.00259386 0.99998 -0.276268 0.118016 0.306089
FixedParameters: 0 0 0

#Transform 165
Transform: AffineTransform_float_3_3
Parameters: 0.99998 -0.000169043 -0.00621839 0.000184511 0.999996 0.00253163 0.00621786 -0.00253338 0.999978 -0.305526 0.111627 0.406191
FixedParameters: 0 0 0

#Transform 166
Transform: AffineTransform_float_3_3
Parameters: 0.999979 -0.000155064 -0.00645956 0.000168587 0.999998 0.00205576 0.00645901 -0.00205624 0.999977 -0.299587 0.0788269 0.347518
FixedParameters: 0 0 0

#Transform 167
Transform: AffineTransform_float_3_3
Parameters: 0.999982 -0.000694081 -0.00587556 0.000704631 0.999998 0.00191333 0.0058739 -0.00191767 0.999981 -0.272797 0.1361 0.384261
FixedParameters: 0 0 0

#Transform 168
Transform: AffineTransform_float_3_3
Parameters: 0.999983 -0.000665006 -0.0058841 0.000678938 0.999997 0.00236749 0.00588211 -0.00237151 0.99998 -0.281939 0.0454822 0.414358
FixedParameters: 0 0 0

#Transform 169
Transform: AffineTransform_float_3_3
Parameters: 0.999981 -0.000523991 -0.00614069 0.000535833 0.999998 0.00201736 0.00613966 -0.00202064 0.999979 -0.29966 0.118924 0.406453
FixedParameters: 0 0 0

#Transform 170
Transform: AffineTransform_float_3_3
Parameters: 0.999981 -0.000578547 -0.00609702 0.000592187 0.999997 0.00234304 0.00609555 -0.00234596 0.999979 -0.294947 0.0823067 0.510452
FixedParameters: 0 0 0

#Transform 171
Transform: AffineTransform_float_3_3
Parameters: 0.999982 -0.000129274 -0.00603253 0.000136202 0.999999 0.00124175 0.00603189 -0.00124226 0.999981 -0.326081 0.102146 0.396726
FixedParameters: 0 0 0

#Transform 172
Transform: AffineTransform_float_3_3
Parameters: 0.999985 -0.000272493 -0.00548946 0.000282218 0.999998 0.00170985 0.00548828 -0.00171115 0.999984 -0.282358 0.0836831 0.49312
FixedParameters: 0 0 0

#Transform 173
Transform: AffineTransform_float_3_3
Parameters: 0.999979 0.000422924 -0.00637759 -0.000410559 0.999998 0.0019214 0.00637822 -0.0019186 0.999978 -0.304344 0.05667 0.390398
FixedParameters: 0 0 0

#Transform 174
Transform: AffineTransform_float_3_3
Parameters: 0.999981 0.00122908 -0.00606341 -0.00122695 0.999999 0.00042589 0.0060647 -0.000419112 0.999982 -0.283058 0.0878524 0.347323
FixedParameters: 0 0 0

#Transform 175
Transform: AffineTransform_float_3_3
Parameters: 0.999984 0.00135467 -0.00562619 -0.00134494 0.999998 0.00169486 0.00562754 -0.00168714 0.999983 -0.259513 0.0733536 0.357848
FixedParameters: 0 0 0

#Transform 176
Transform: AffineTransform_float_3_3
Parameters: 0.999986 0.0014802 -0.00512818 -0.00147233 0.999998 0.00157258 0.00513051 -0.00156542 0.999986 -0.226619 0.060003 0.29594
FixedParameters: 0 0 0

#Transform 177
Transform: AffineTransform_float_3_3
Parameters: 0.999987 0.00159422 -0.00472842 -0.00158534 0.999997 0.00203235 0.00473174 -0.00202465 0.999987 -0.209493 0.0954428 0.300105
FixedParameters: 0 0 0

#Transform 178
Transform: AffineTransform_float_3_3
Parameters: 0.999987 0.00193126 -0.00469102 -0.00192106 0.999996 0.0021978 0.00469534 -0.0021892 0.999987 -0.20404 0.0690224 0.289116
FixedParameters: 0 0 0

#Transform 179
Transform: AffineTransform_float_3_3
Parameters: 0.999987 0.00178777 -0.00474314 -0.00177456 0.999995 0.00270921 0.00474783 -0.00270079 0.999985 -0.207349 0.0977667 0.312911
FixedParameters: 0 0 0

#Transform 180
Transform: AffineTransform_float_3_3
Parameters: 0.99999 0.00193271 -0.00404667 -0.00191952 0.999994 0.0031822 0.00405297 -0.0031738 0.999986 -0.186196 0.0715763 0.287307
FixedParameters: 0 0 0

#Transform 181
Transform: AffineTransform_float_3_3
Parameters: 0.999991 0.00152824 -0.00385951 -0.00151719 0.999995 0.00277936 0.00386384 -0.00277364 0.999989 -0.15677 0.145689 0.282052
FixedParameters: 0 0 0

#Transform 182
Transform: AffineTransform_float_3_3
Parameters: 0.999994 0.00131475 -0.00326286 -0.00130309 0.999993 0.00339165 0.00326661 -0.00338735 0.999989 -0.13532 0.0834476 0.271941
FixedParameters: 0 0 0

#Transform 183
Transform: AffineTransform_float_3_3
Parameters: 0.999995 0.00104321 -0.00278149 -0.00103488 0.999995 0.00297518 0.00278536 -0.00297282 0.999992 -0.125391 0.153727 0.272799
FixedParameters: 0 0 0

#Transform 184
Transform: AffineTransform_float_3_3
Parameters: 0.999998 0.00111807 -0.00203825 -0.00111055 0.999992 0.00365946 0.00204202 -0.00365654 0.999992 -0.106122 0.0994879 0.249797
FixedParameters: 0 0 0

#Transform 185
Transform: AffineTransform_float_3_3
Parameters: 0.999997 0.00112973 -0.00221536 -0.0011228 0.999994 0.00323269 0.00221825 -0.00323031 0.999993 -0.125053 0.158188 0.232806
FixedParameters: 0 0 0

#Transform 186
Transform: AffineTransform_float_3_3
Parameters: 0.999997 0.00117017 -0.00177813 -0.00116315 0.999991 0.00405118 0.00178319 -0.00404882 0.999991 -0.111179 0.147556 0.272698
FixedParameters: 0 0 0

#Transform 187
Transform: AffineTransform_float_3_3
Parameters: 0.999999 0.00111358 -0.00147368 -0.00110743 0.999991 0.00391873 0.00147782 -0.00391627 0.999992 -0.116967 0.139099 0.243234
FixedParameters: 0 0 0

#Transform 188
Transform: AffineTransform_float_3_3
Parameters: 0.999998 0.00134746 -0.000876916 -0.00134302 0.999989 0.00451019 0.000883327 -0.00450881 0.99999 -0.102886 0.202672 0.289291
FixedParameters: 0 0 0

#Transform 189
Transform: AffineTransform_float_3_3
Parameters: 0.999999 0.00130979 -0.00124206 -0.00130405 0.999989 0.00451164 0.0012483 -0.00451036 0.999989 -0.122722 0.166079 0.236719
FixedParameters: 0 0 0

#Transform 190
Transform: AffineTransform_float_3_3
Parameters: 0.999998 0.00127238 -0.00141671 -0.00126529 0.999986 0.00516281 0.00142343 -0.00516118 0.999986 -0.127473 0.239212 0.272536
FixedParameters: 0 0 0

