#Insight Transform File V1.0
#Transform 0
Transform: AffineTransform_float_3_3
Parameters: 0.999998 0.00155897 -0.000393372 -0.00155927 0.999998 -0.000486465 0.000392852 0.000486535 1 -0.0504886 -0.0248368 0.118466
FixedParameters: 0 0 0

#Transform 1
Transform: AffineTransform_float_3_3
Parameters: 1 0.00117667 -0.000100992 -0.00117669 1 -9.69664e-05 0.000100763 9.70336e-05 1 -0.0386723 0.0265016 0.156027
FixedParameters: 0 0 0

#Transform 2
Transform: AffineTransform_float_3_3
Parameters: 0.999999 0.000797624 -0.000457298 -0.000797171 1 -0.000594721 0.000456263 0.000595279 0.999999 -0.0360529 0.0125275 0.0792532
FixedParameters: 0 0 0

#Transform 3
Transform: AffineTransform_float_3_3
Parameters: 0.999999 0.000539178 -0.000500896 -0.000539195 1 -1.77226e-05 0.000500877 1.72774e-05 1 -0.00993476 -0.0100101 0.147936
FixedParameters: 0 0 0

#Transform 4
Transform: AffineTransform_float_3_3
Parameters: 1 0.000543484 -0.000447465 -0.000544113 0.999999 -0.000702756 0.000446701 0.000703242 0.999999 -0.0307334 -0.00253028 0.0462289
FixedParameters: 0 0 0

#Transform 5
Transform: AffineTransform_float_3_3
Parameters: 1 0.000570955 -0.000130273 -0.000570968 1 -4.79256e-05 0.000130218 4.80743e-05 1 -0.0185922 -0.0222503 0.132305
FixedParameters: 0 0 0

#Transform 6
Transform: AffineTransform_float_3_3
Parameters: 0.999999 0.000721453 -0.000467762 -0.000721896 0.999999 -0.000564662 0.000467943 0.000565337 0.999999 -0.032986 -0.0143361 0.0500957
FixedParameters: 0 0 0

#Transform 7
Transform: AffineTransform_float_3_3
Parameters: 1 0.000317124 -0.000432732 -0.000317278 1 -0.000177863 0.000432619 0.000178137 1 -0.0128031 -0.0151451 0.108321
FixedParameters: 0 0 0

#Transform 8
Transform: AffineTransform_float_3_3
Parameters: 1 0.000157741 -0.000255421 -0.00015778 1 -7.69597e-05 0.000255397 7.70403e-05 1 -0.0315026 -0.000863722 0.0572247
FixedParameters: 0 0 0

#Transform 9
Transform: AffineTransform_float_3_3
Parameters: 1 0.000163308 -0.000191574 -0.000163146 1 0.000421031 0.000191711 -0.000420969 1 0.00487439 0.00836678 0.131679
FixedParameters: 0 0 0

#Transform 10
Transform: AffineTransform_float_3_3
Parameters: 1 0.000223451 -0.000225986 -0.000223589 1 -0.000304949 0.00022585 0.00030505 1 -0.00566574 0.0356429 0.0426347
FixedParameters: 0 0 0

#Transform 11
Transform: AffineTransform_float_3_3
Parameters: 1 -1.27577e-05 0.000226906 1.25708e-05 1 0.000412003 -0.000226916 -0.000411997 1 0.0235501 0.000406839 0.103744
FixedParameters: 0 0 0

#Transform 12
Transform: AffineTransform_float_3_3
Parameters: 1 0.000149036 -0.000357041 -0.000149059 1 -3.19468e-05 0.000357031 3.20532e-05 1 -0.000406806 0.0136324 0.0434954
FixedParameters: 0 0 0

#Transform 13
Transform: AffineTransform_float_3_3
Parameters: 1 9.63137e-05 0.000246708 -9.65298e-05 1 0.000437976 -0.000246623 -0.000438024 1 0.0197394 0.00622593 0.09163
FixedParameters: 0 0 0

#Transform 14
Transform: AffineTransform_float_3_3
Parameters: 1 0.000183805 4.85042e-05 -0.00018382 1 0.000150991 -4.84487e-05 -0.000151009 1 -0.00659441 0.00589109 0.0132977
FixedParameters: 0 0 0

#Transform 15
Transform: AffineTransform_float_3_3
Parameters: 1 -2.85711e-05 0.000135914 2.84156e-05 1 0.000572004 -0.000135947 -0.000571996 1 0.0212192 -0.0127605 0.0707312
FixedParameters: 0 0 0

#Transform 16
Transform: AffineTransform_float_3_3
Parameters: 1 -3.60975e-05 1.21233e-05 3.60946e-05 1 0.000118 -1.21318e-05 -0.000118 1 0.0130093 0.0253162 0.015491
FixedParameters: 0 0 0

#Transform 17
Transform: AffineTransform_float_3_3
Parameters: 1 3.23481e-05 0.000438838 -3.28553e-05 1 0.000577985 -0.0004388 -0.000578014 0.999999 0.0235034 -0.0242794 0.0709936
FixedParameters: 0 0 0

#Transform 18
Transform: AffineTransform_float_3_3
Parameters: 1 -3.19911e-05 -0.00015082 3.20931e-05 1 5.49952e-05 0.000151812 -5.50049e-05 1 0.00126477 0.0276548 0.0247744
FixedParameters: 0 0 0

#Transform 19
Transform: AffineTransform_float_3_3
Parameters: 1 1.6403e-05 6.28326e-05 -1.645e-05 1 0.000373999 -6.28204e-05 -0.000374001 1 -0.00765669 -0.0262556 0.0533634
FixedParameters: 0 0 0

#Transform 20
Transform: AffineTransform_float_3_3
Parameters: 1 -3.13992e-05 6.6926e-05 3.1397e-05 1 1.70021e-05 -6.69271e-05 -1.69979e-05 1 -0.000634836 0.00349472 -0.00607691
FixedParameters: 0 0 0

#Transform 21
Transform: AffineTransform_float_3_3
Parameters: 1 4.68972e-07 6.41933e-05 -5.0094e-07 1 0.000249 -6.41931e-05 -0.000249 1 0.0168065 -0.00584401 0.0826699
FixedParameters: 0 0 0

#Transform 22
Transform: AffineTransform_float_3_3
Parameters: 1 -4.35878e-05 -0.000354567 4.43012e-05 1 -0.000399016 0.000354517 0.000398984 1 -0.0174822 0.0146145 0.0150538
FixedParameters: 0 0 0

#Transform 23
Transform: AffineTransform_float_3_3
Parameters: 1 1.74984e-05 0.000110913 -1.75765e-05 1 0.000351998 -0.000110901 -0.000352002 1 -0.00487822 -0.0175402 0.0477109
FixedParameters: 0 0 0

#Transform 24
Transform: AffineTransform_float_3_3
Parameters: 1 0.000167959 -0.000135911 -0.000168062 1 -0.000379977 0.000135784 0.000380023 1 -0.0108421 -0.00905665 0.00141398
FixedParameters: 0 0 0

#Transform 25
Transform: AffineTransform_float_3_3
Parameters: 1 -5.01454e-05 0.000246186 5.01646e-05 1 -3.89877e-05 -0.000246182 3.90123e-05 1 0.00238467 -0.0106051 0.0455365
FixedParameters: 0 0 0

#Transform 26
Transform: AffineTransform_float_3_3
Parameters: 1 0.00019977 0.000234806 -0.000199801 1 6.49531e-05 -0.00023478 -6.50469e-05 1 -0.0133573 -0.03817 0.00752033
FixedParameters: 0 0 0

#Transform 27
Transform: AffineTransform_float_3_3
Parameters: 1 -0.00027415 6.8615e-05 0.000274124 1 0.000189019 -6.87187e-05 -0.000188981 1 0.0240094 0.0252553 0.0238889
FixedParameters: 0 0 0

#Transform 28
Transform: AffineTransform_float_3_3
Parameters: 1 -0.000221865 0.000232864 0.000221986 1 -0.000258948 -0.00023275 0.000259052 1 0.0341072 -0.0455308 0.0152081
FixedParameters: 0 0 0

#Transform 29
Transform: AffineTransform_float_3_3
Parameters: 1 -0.00034862 0.00031103 0.000348812 1 -0.000308891 -0.000310815 0.000309108 1 0.0410747 0.0145244 0.0155324
FixedParameters: 0 0 0

#Transform 30
Transform: AffineTransform_float_3_3
Parameters: 1 -0.000336524 0.000452451 0.00033665 1 -0.000139848 -0.000452356 0.000140152 1 0.0447874 -0.060097 0.0154085
FixedParameters: 0 0 0

#Transform 31
Transform: AffineTransform_float_3_3
Parameters: 1 -0.000585511 0.000229061 0.000585672 1 -0.000350866 -0.00022865 0.000351134 1 0.0369699 0.015844 -0.00873956
FixedParameters: 0 0 0

#Transform 32
Transform: AffineTransform_float_3_3
Parameters: 1 -0.000334833 0.000473299 0.000334754 1 8.31584e-05 -0.000473355 -8.28415e-05 1 0.0644701 -0.0552282 0.011077
FixedParameters: 0 0 0

#Transform 33
Transform: AffineTransform_float_3_3
Parameters: 1 -0.000519775 0.000223353 0.000519891 1 -0.000258884 -0.000223084 0.000259116 1 0.0572678 0.00796679 0.00899167
FixedParameters: 0 0 0

#Transform 34
Transform: AffineTransform_float_3_3
Parameters: 1 -0.000332383 0.000502177 0.00033225 1 0.000132167 -0.000502265 -0.000131833 1 0.0623568 -0.0366763 0.0346905
FixedParameters: 0 0 0

#Transform 35
Transform: AffineTransform_float_3_3
Parameters: 1 -0.000350744 0.000286146 0.000350959 1 -0.0003759 -0.000285882 0.0003761 1 0.0419149 0.0241768 0.0156674
FixedParameters: 0 0 0

#Transform 36
Transform: AffineTransform_float_3_3
Parameters: 1 -0.000357405 0.000209335 0.000357452 1 -0.000111925 -0.000209255 0.000112075 1 0.0440302 -0.0399962 0.0548243
FixedParameters: 0 0 0

#Transform 37
Transform: AffineTransform_float_3_3
Parameters: 1 -0.000357318 0.000209484 0.000357539 1 -0.000527918 -0.000209107 0.000527082 1 0.0401144 0.0216732 -0.0300353
FixedParameters: 0 0 0

#Transform 38
Transform: AffineTransform_float_3_3
Parameters: 1 -0.000450372 0.000343605 0.0004502 1 0.000251155 -0.000343831 -0.000250845 1 0.0444525 -0.020661 0.0421563
FixedParameters: 0 0 0

#Transform 39
Transform: AffineTransform_float_3_3
Parameters: 1 -0.000429619 0.000139397 0.000429655 1 -0.00043394 -0.000140021 0.00043406 1 0.0324614 -0.0227437 0.00435794
FixedParameters: 0 0 0

#Transform 40
Transform: AffineTransform_float_3_3
Parameters: 1 -0.000412105 0.00021423 0.000412351 1 -0.000573911 -0.000213757 0.000574088 1 0.0332495 -0.00652926 0.03648
FixedParameters: 0 0 0

#Transform 41
Transform: AffineTransform_float_3_3
Parameters: 1 -0.000323015 0.000609866 0.000323167 1 -0.000124803 -0.000609786 0.000125197 1 0.041512 -0.0311263 -0.00506897
FixedParameters: 0 0 0

#Transform 42
Transform: AffineTransform_float_3_3
Parameters: 1 -0.000467691 0.000117346 0.000467675 1 6.60622e-05 -0.000117408 -6.69378e-05 1 0.0492215 0.0239833 0.0320544
FixedParameters: 0 0 0

#Transform 43
Transform: AffineTransform_float_3_3
Parameters: 1 -0.000330032 0.00052628 0.000330416 1 -0.000445826 -0.000526982 0.000446174 1 0.0526523 -0.0351774 0.0383936
FixedParameters: 0 0 0

#Transform 44
Transform: AffineTransform_float_3_3
Parameters: 1 -0.000357357 0.000209419 0.000357501 1 -0.000344925 -0.000209172 0.000345075 1 0.0369765 0.030315 0.0711355
FixedParameters: 0 0 0

#Transform 45
Transform: AffineTransform_float_3_3
Parameters: 1 -0.000357443 0.000209271 0.000357415 1 6.70748e-05 -0.000209319 -6.69252e-05 1 0.0599321 -0.020394 0.0350707
FixedParameters: 0 0 0

#Transform 46
Transform: AffineTransform_float_3_3
Parameters: 1 -0.000357443 0.000209271 0.000357415 1 6.70748e-05 -0.000209319 -6.69252e-05 1 0.0689008 0.0300788 0.0527783
FixedParameters: 0 0 0

#Transform 47
Transform: AffineTransform_float_3_3
Parameters: 0.999999 -0.00051498 0.000618332 0.000514168 1 -0.000148682 -0.000618093 0.000149318 1 0.0637678 -0.0347726 0.018456
FixedParameters: 0 0 0

#Transform 48
Transform: AffineTransform_float_3_3
Parameters: 1 -0.000593826 -0.000182853 0.000593768 1 -0.000160109 0.000183043 0.000159891 1 0.0625614 0.019667 0.0473241
FixedParameters: 0 0 0

#Transform 49
Transform: AffineTransform_float_3_3
Parameters: 0.999999 -0.000704791 0.000289451 0.000704944 0.999999 -0.000264796 -0.000289078 0.000265204 1 0.0870745 -0.0138173 0.023804
FixedParameters: 0 0 0

#Transform 50
Transform: AffineTransform_float_3_3
Parameters: 0.999999 -0.00109317 0.000652879 0.00109331 1 -0.000102364 -0.000652655 0.000102636 1 0.11593 0.0151827 0.0512322
FixedParameters: 0 0 0

#Transform 51
Transform: AffineTransform_float_3_3
Parameters: 1 -0.000992202 0.00054286 0.000991336 0.999999 -0.000120455 -0.000542535 0.000120546 1 0.100283 -0.0274263 0.0117844
FixedParameters: 0 0 0

#Transform 52
Transform: AffineTransform_float_3_3
Parameters: 1 -0.00108607 0.000490561 0.00108607 1 4.54974e-07 -0.000490562 -5.45025e-07 1 0.103197 0.0278259 0.0445432
FixedParameters: 0 0 0

#Transform 53
Transform: AffineTransform_float_3_3
Parameters: 1 -0.000765877 0.000594775 0.000766144 0.999999 -0.000223544 -0.000594432 0.000224455 1 0.0712766 -0.0382229 0.0182387
FixedParameters: 0 0 0

#Transform 54
Transform: AffineTransform_float_3_3
Parameters: 1 -0.00104601 0.000559452 0.00104607 1 -5.54999e-05 -0.000559335 5.65e-05 1 0.0945944 0.0406434 0.0259667
FixedParameters: 0 0 0

#Transform 55
Transform: AffineTransform_float_3_3
Parameters: 0.999999 -0.000692406 0.000529868 0.0006921 0.999999 0.000288374 -0.000530267 -0.000288626 1 0.0718539 -0.0271595 0.0352548
FixedParameters: 0 0 0

#Transform 56
Transform: AffineTransform_float_3_3
Parameters: 1 -0.000959151 0.000261151 0.000959294 1 -0.000274835 -0.000260623 0.000275165 1 0.0658251 0.0277863 0.0137784
FixedParameters: 0 0 0

#Transform 57
Transform: AffineTransform_float_3_3
Parameters: 1 -0.000744161 0.000850575 0.000743956 0.999999 0.00012064 -0.000850754 -0.00012036 0.999999 0.0895697 -0.0296085 0.0412576
FixedParameters: 0 0 0

#Transform 58
Transform: AffineTransform_float_3_3
Parameters: 1 -0.000948708 0.000453709 0.000948721 0.999999 -1.45623e-05 -0.000453681 1.44377e-05 1 0.0868875 0.0317892 0.0326768
FixedParameters: 0 0 0

#Transform 59
Transform: AffineTransform_float_3_3
Parameters: 0.999999 -0.000728896 0.00102705 0.000728983 0.999999 -4.2244e-05 -0.00102699 4.27559e-05 0.999999 0.0966028 -0.0225669 0.0615317
FixedParameters: 0 0 0

#Transform 60
Transform: AffineTransform_float_3_3
Parameters: 0.999999 -0.000769325 0.000554013 0.000769699 0.999999 -0.000337574 -0.000553493 0.000338426 1 0.0783986 0.0229779 0.0205996
FixedParameters: 0 0 0

#Transform 61
Transform: AffineTransform_float_3_3
Parameters: 1 -0.000746933 0.000819571 0.00074648 0.999999 0.000276619 -0.000819984 -0.00027638 0.999999 0.085958 -0.0355335 0.0526287
FixedParameters: 0 0 0

#Transform 62
Transform: AffineTransform_float_3_3
Parameters: 0.999999 -0.000703029 0.000239322 0.000703291 0.999999 -0.000549824 -0.000238549 0.000549175 1 0.0632603 0.0269841 0.0167668
FixedParameters: 0 0 0

#Transform 63
Transform: AffineTransform_float_3_3
Parameters: 1 -0.000756263 0.000707292 0.000756454 0.999999 -0.000134465 -0.000707088 0.000135535 0.999999 0.0814009 -0.0259934 0.0739854
FixedParameters: 0 0 0

#Transform 64
Transform: AffineTransform_float_3_3
Parameters: 0.999999 -0.000767992 0.000569901 0.000768298 0.999999 -0.000268562 -0.000569488 0.000269437 1 0.0710462 0.0228646 -0.00106971
FixedParameters: 0 0 0

#Transform 65
Transform: AffineTransform_float_3_3
Parameters: 1 -0.00085686 0.000813859 0.000856406 1 0.000331619 -0.00081343 -0.000331381 0.999999 0.103544 0.00633283 0.086206
FixedParameters: 0 0 0

#Transform 66
Transform: AffineTransform_float_3_3
Parameters: 0.999999 -0.000783775 0.000386543 0.000783949 0.999999 -0.00022469 -0.000386191 0.00022431 1 0.0827295 0.0194943 0.0101484
FixedParameters: 0 0 0

#Transform 67
Transform: AffineTransform_float_3_3
Parameters: 1 -0.000759672 0.000669252 0.000759536 0.999999 0.000102508 -0.000669407 -0.000101491 1 0.0828891 -0.00187042 0.0689544
FixedParameters: 0 0 0

#Transform 68
Transform: AffineTransform_float_3_3
Parameters: 1 -0.0004161 0.000366983 0.000416265 1 -0.00022484 -0.000366797 0.00022416 1 0.0689975 -0.0158069 0.00546007
FixedParameters: 0 0 0

#Transform 69
Transform: AffineTransform_float_3_3
Parameters: 0.999999 -0.000441875 0.000703075 0.000442203 1 0.000475311 -0.00070358 -0.000474689 0.999999 0.0834386 -0.00590294 0.0686673
FixedParameters: 0 0 0

#Transform 70
Transform: AffineTransform_float_3_3
Parameters: 0.999999 -0.000725047 0.000240912 0.000725112 0.999999 -0.000134825 -0.000240716 0.000135175 1 0.0631246 0.0270729 -0.0142386
FixedParameters: 0 0 0

#Transform 71
Transform: AffineTransform_float_3_3
Parameters: 1 -0.000763945 0.000622102 0.000763294 1 0.000522397 -0.0006229 -0.000522602 0.999999 0.07251 -0.018255 0.026386
FixedParameters: 0 0 0

#Transform 72
Transform: AffineTransform_float_3_3
Parameters: 0.999999 -0.000847648 0.000251258 0.000847612 0.999999 7.3213e-05 -0.000251382 -7.27869e-05 1 0.0664845 0.0172571 -0.0381696
FixedParameters: 0 0 0

#Transform 73
Transform: AffineTransform_float_3_3
Parameters: 0.999999 -0.000764913 0.000610206 0.000764373 0.999999 0.000442474 -0.000610883 -0.000442525 1 0.0846095 -0.019951 0.0119825
FixedParameters: 0 0 0

#Transform 74
Transform: AffineTransform_float_3_3
Parameters: 0.999999 -0.000991188 0.00081177 0.000991403 1 -0.00013128 -0.000811508 0.000132719 0.999999 0.0752724 0.000489774 -0.0540111
FixedParameters: 0 0 0

#Transform 75
Transform: AffineTransform_float_3_3
Parameters: 0.999999 -0.000906627 0.000892085 0.000906497 1 0.000630817 -0.000893313 -0.000630184 1 0.0967531 -0.00398286 0.00789468
FixedParameters: 0 0 0

#Transform 76
Transform: AffineTransform_float_3_3
Parameters: 1 -0.00103744 0.000532274 0.00103716 1 0.000265474 -0.000532825 -0.000265525 1 0.0869386 0.0161547 -0.0330856
FixedParameters: 0 0 0

#Transform 77
Transform: AffineTransform_float_3_3
Parameters: 0.999999 -0.00105119 0.000654667 0.00105057 1 0.00046661 -0.000655648 -0.000466389 0.999999 0.0879821 -0.0142049 0.00819614
FixedParameters: 0 0 0

#Transform 78
Transform: AffineTransform_float_3_3
Parameters: 1 -0.00104313 0.000382523 0.00104315 1 -2.16861e-05 -0.000382477 2.23139e-05 1 0.064 0.00147146 -0.0315932
FixedParameters: 0 0 0

#Transform 79
Transform: AffineTransform_float_3_3
Parameters: 0.999999 -0.00124152 0.000706011 0.00124184 0.999999 0.000474799 -0.000707275 -0.0004742 0.999999 0.0873769 0.00834056 0.0210065
FixedParameters: 0 0 0

#Transform 80
Transform: AffineTransform_float_3_3
Parameters: 0.999999 -0.00124132 0.000706358 0.00124104 0.999999 0.000195799 -0.000706843 -0.000195201 1 0.0831979 -0.0271366 -0.0369811
FixedParameters: 0 0 0

#Transform 81
Transform: AffineTransform_float_3_3
Parameters: 0.999999 -0.00123601 0.000769895 0.00123642 0.999999 0.000381867 -0.000770922 -0.000380133 0.999999 0.115757 0.023244 0.00871782
FixedParameters: 0 0 0

#Transform 82
Transform: AffineTransform_float_3_3
Parameters: 0.999999 -0.00126589 0.000420051 0.00126558 0.999999 0.000472447 -0.00042025 -0.000471553 1 0.0932979 -0.024569 -0.00911485
FixedParameters: 0 0 0

#Transform 83
Transform: AffineTransform_float_3_3
Parameters: 0.999999 -0.00125425 0.000555773 0.00125391 0.999999 0.000302612 -0.00055653 -0.000301387 1 0.0988168 0.0339097 0.00485958
FixedParameters: 0 0 0

#Transform 84
Transform: AffineTransform_float_3_3
Parameters: 0.999999 -0.00124132 0.000706351 0.00124104 0.999999 0.000200799 -0.000706849 -0.000200201 1 0.0764888 -0.0300701 0.00717639
FixedParameters: 0 0 0

#Transform 85
Transform: AffineTransform_float_3_3
Parameters: 0.999999 -0.00125972 0.000491946 0.00125946 0.999999 0.000349542 -0.00049183 -0.000349459 1 0.0896855 0.0423105 0.00662476
FixedParameters: 0 0 0

#Transform 86
Transform: AffineTransform_float_3_3
Parameters: 1 -0.00109313 0.000374305 0.00109284 1 0.000388324 -0.000375153 -0.000387675 1 0.0923663 -0.00918102 0.00627509
FixedParameters: 0 0 0

#Transform 87
Transform: AffineTransform_float_3_3
Parameters: 0.999999 -0.00124163 0.000705815 0.00124182 0.999999 0.000632799 -0.000706475 -0.000632201 0.999999 0.103429 0.0197422 0.0154196
FixedParameters: 0 0 0

#Transform 88
Transform: AffineTransform_float_3_3
Parameters: 0.999999 -0.00126608 0.000418004 0.00126574 0.999999 0.000515444 -0.000418312 -0.000514556 1 0.0890497 -0.0175858 -0.0281836
FixedParameters: 0 0 0

#Transform 89
Transform: AffineTransform_float_3_3
Parameters: 0.999999 -0.00124142 0.000706176 0.00124194 0.999999 0.0003418 -0.00070711 -0.0003412 0.999999 0.108015 0.0223767 0.0233186
FixedParameters: 0 0 0

#Transform 90
Transform: AffineTransform_float_3_3
Parameters: 0.999999 -0.00123654 0.000761311 0.00123643 0.999999 7.18563e-05 -0.000761486 -7.01436e-05 0.999999 0.103778 -0.0309213 -0.0299163
FixedParameters: 0 0 0

#Transform 91
Transform: AffineTransform_float_3_3
Parameters: 0.999999 -0.00122943 0.000847536 0.00122976 0.999999 0.000443965 -0.000847715 -0.000443036 0.999999 0.117753 0.0139782 0.0127069
FixedParameters: 0 0 0

#Transform 92
Transform: AffineTransform_float_3_3
Parameters: 0.999998 -0.00140882 0.000871332 0.00140859 0.999999 0.00012815 -0.000871691 -0.00012685 0.999999 0.129969 -0.00684372 -0.0207287
FixedParameters: 0 0 0

#Transform 93
Transform: AffineTransform_float_3_3
Parameters: 0.999997 -0.00178258 0.00125623 0.00178282 0.999999 0.00033417 -0.0012565 -0.000331832 0.999999 0.154639 0.0104986 0.0284818
FixedParameters: 0 0 0

#Transform 94
Transform: AffineTransform_float_3_3
Parameters: 0.999998 -0.00160933 0.00131821 0.00160922 0.999998 4.1136e-05 -0.00131834 -3.88638e-05 0.999999 0.145369 -0.0182659 -0.0213246
FixedParameters: 0 0 0

#Transform 95
Transform: AffineTransform_float_3_3
Parameters: 0.999997 -0.00169213 0.00129269 0.0016914 0.999999 0.000316117 -0.00129276 -0.000313884 0.999999 0.159911 0.0181797 0.0134883
FixedParameters: 0 0 0

#Transform 96
Transform: AffineTransform_float_3_3
Parameters: 0.999998 -0.00151303 0.00137801 0.00151266 0.999999 0.000163099 -0.0013775 -0.000160902 0.999999 0.130832 -0.0305243 -0.0344877
FixedParameters: 0 0 0

#Transform 97
Transform: AffineTransform_float_3_3
Parameters: 0.999997 -0.00175531 0.00157781 0.00175491 0.999998 0.000472707 -0.00157856 -0.000470294 0.999999 0.162327 0.0347192 -0.00627186
FixedParameters: 0 0 0

#Transform 98
Transform: AffineTransform_float_3_3
Parameters: 0.999998 -0.00170282 0.00146571 0.00170214 0.999999 0.000602426 -0.00146685 -0.000599574 0.999999 0.152624 -0.0241037 -0.0337189
FixedParameters: 0 0 0

#Transform 99
Transform: AffineTransform_float_3_3
Parameters: 0.999998 -0.00175905 0.00153487 0.00175852 0.999998 0.000528637 -0.00153581 -0.000526363 0.999999 0.154992 0.0237729 0.00545565
FixedParameters: 0 0 0

#Transform 100
Transform: AffineTransform_float_3_3
Parameters: 0.999996 -0.0018973 0.00198708 0.00189607 0.999998 0.000603792 -0.00198746 -0.000599209 0.999998 0.15457 -0.0289078 -0.0256196
FixedParameters: 0 0 0

#Transform 101
Transform: AffineTransform_float_3_3
Parameters: 0.999997 -0.00215008 0.00167304 0.00214962 0.999997 0.000758458 -0.00167547 -0.000755541 0.999998 0.173026 0.0363211 0.0127921
FixedParameters: 0 0 0

#Transform 102
Transform: AffineTransform_float_3_3
Parameters: 0.999996 -0.00216771 0.00179332 0.00216663 0.999998 0.000603739 -0.00179502 -0.000599259 0.999998 0.179173 -0.00703958 -0.0238679
FixedParameters: 0 0 0

#Transform 103
Transform: AffineTransform_float_3_3
Parameters: 0.999995 -0.0021817 0.0020616 0.00217984 0.999997 0.000976442 -0.00206402 -0.000971557 0.999997 0.204049 0.014997 0.022637
FixedParameters: 0 0 0

#Transform 104
Transform: AffineTransform_float_3_3
Parameters: 0.999995 -0.00238404 0.0021679 0.00238293 0.999997 0.000259119 -0.00216913 -0.000253879 0.999998 0.180996 -0.00716965 -0.0282064
FixedParameters: 0 0 0

#Transform 105
Transform: AffineTransform_float_3_3
Parameters: 0.999994 -0.00256885 0.00234292 0.0025675 0.999996 0.000753979 -0.00234495 -0.000748022 0.999997 0.215623 0.0103584 0.0140771
FixedParameters: 0 0 0

#Transform 106
Transform: AffineTransform_float_3_3
Parameters: 0.999994 -0.00247101 0.00239967 0.00246999 0.999997 0.000440803 -0.00240092 -0.000435196 0.999997 0.193111 -0.0239334 -0.0234728
FixedParameters: 0 0 0

#Transform 107
Transform: AffineTransform_float_3_3
Parameters: 0.999993 -0.00279971 0.0024083 0.00279823 0.999996 0.000554617 -0.00240947 -0.000547385 0.999997 0.209051 0.0133484 0.0170533
FixedParameters: 0 0 0

#Transform 108
Transform: AffineTransform_float_3_3
Parameters: 0.999993 -0.00271569 0.0022943 0.00271512 0.999996 0.000364105 -0.00229535 -0.000357895 0.999997 0.200556 -0.0162258 -0.0211871
FixedParameters: 0 0 0

#Transform 109
Transform: AffineTransform_float_3_3
Parameters: 0.999992 -0.00317089 0.00266127 0.00316943 0.999995 0.000685244 -0.00266377 -0.000676756 0.999996 0.238162 0.0338269 0.0449504
FixedParameters: 0 0 0

#Transform 110
Transform: AffineTransform_float_3_3
Parameters: 0.999992 -0.00301772 0.00267797 0.00301676 0.999995 0.000182968 -0.00267905 -0.000175029 0.999996 0.223588 -0.00690879 -0.0176146
FixedParameters: 0 0 0

#Transform 111
Transform: AffineTransform_float_3_3
Parameters: 0.99999 -0.00344282 0.00304146 0.00344056 0.999994 0.00074629 -0.00304374 -0.000735711 0.999995 0.243309 -0.00819486 0.011121
FixedParameters: 0 0 0

#Transform 112
Transform: AffineTransform_float_3_3
Parameters: 0.99999 -0.00330463 0.00283861 0.00330458 0.999994 1.41909e-05 -0.00283867 -4.80891e-06 0.999996 0.233254 -0.0230429 -0.0222102
FixedParameters: 0 0 0

#Transform 113
Transform: AffineTransform_float_3_3
Parameters: 0.999988 -0.00370237 0.00320119 0.00370062 0.999993 0.000447599 -0.00320355 -0.000436397 0.999995 0.254712 0.00181398 0.0431036
FixedParameters: 0 0 0

#Transform 114
Transform: AffineTransform_float_3_3
Parameters: 0.999986 -0.00398458 0.00350735 0.00398432 0.999992 0.000198739 -0.00350797 -0.000185263 0.999994 0.271685 -0.0216805 -0.0116646
FixedParameters: 0 0 0

#Transform 115
Transform: AffineTransform_float_3_3
Parameters: 0.999985 -0.0043117 0.00331689 0.00430993 0.999991 0.000776892 -0.0033198 -0.000762114 0.999995 0.283169 0.0141534 0.0371616
FixedParameters: 0 0 0

#Transform 116
Transform: AffineTransform_float_3_3
Parameters: 0.999988 -0.00376704 0.00307243 0.00376761 0.999993 -0.000100686 -0.00307262 0.000112316 0.999996 0.249783 0.00500874 -0.0142887
FixedParameters: 0 0 0

#Transform 117
Transform: AffineTransform_float_3_3
Parameters: 0.999986 -0.00402131 0.00344004 0.00402024 0.999991 0.000476591 -0.00344199 -0.000462411 0.999994 0.273681 -0.00930408 0.0458285
FixedParameters: 0 0 0

#Transform 118
Transform: AffineTransform_float_3_3
Parameters: 0.999985 -0.0042047 0.0034569 0.00420441 0.999991 0.000206214 -0.00345766 -0.000191788 0.999994 0.272307 0.0132021 -0.0182817
FixedParameters: 0 0 0

#Transform 119
Transform: AffineTransform_float_3_3
Parameters: 0.999984 -0.00435436 0.00377838 0.0043516 0.99999 0.000946148 -0.0037829 -0.000929852 0.999992 0.297132 -0.00998893 0.0436256
FixedParameters: 0 0 0

#Transform 120
Transform: AffineTransform_float_3_3
Parameters: 0.999985 -0.0043073 0.00356178 0.00430561 0.999991 0.000257931 -0.00356294 -0.000242066 0.999993 0.281346 0.0353646 0.0025615
FixedParameters: 0 0 0

#Transform 121
Transform: AffineTransform_float_3_3
Parameters: 0.999982 -0.0044474 0.00386219 0.0044451 0.99999 0.000597792 -0.00386462 -0.000581209 0.999992 0.288367 -0.0338569 0.0263978
FixedParameters: 0 0 0

#Transform 122
Transform: AffineTransform_float_3_3
Parameters: 0.999983 -0.00461377 0.00337774 0.00461289 0.999989 0.000151012 -0.00337806 -0.000135988 0.999994 0.284321 0.0443306 0.0101849
FixedParameters: 0 0 0

#Transform 123
Transform: AffineTransform_float_3_3
Parameters: 0.99998 -0.00472863 0.00407361 0.00472575 0.999989 0.000638891 -0.00407674 -0.000620107 0.999992 0.316007 -0.0182575 0.0335126
FixedParameters: 0 0 0

#Transform 124
Transform: AffineTransform_float_3_3
Parameters: 0.999978 -0.00525053 0.00386958 0.00524853 0.999986 0.000558609 -0.00387252 -0.000538391 0.999992 0.332312 0.0640623 0.0408756
FixedParameters: 0 0 0

#Transform 125
Transform: AffineTransform_float_3_3
Parameters: 0.999976 -0.00530996 0.00440286 0.0053074 0.999985 0.000680871 -0.00440624 -0.000658132 0.99999 0.352583 -0.0232269 0.0192151
FixedParameters: 0 0 0

#Transform 126
Transform: AffineTransform_float_3_3
Parameters: 0.999973 -0.00594677 0.00447383 0.00594409 0.999982 0.00056477 -0.00447757 -0.000538227 0.99999 0.367222 0.0588432 0.0254344
FixedParameters: 0 0 0

#Transform 127
Transform: AffineTransform_float_3_3
Parameters: 0.999967 -0.00667015 0.0046265 0.00666679 0.999977 0.000747626 -0.00463153 -0.000716373 0.999989 0.392236 -0.0229594 0.0179632
FixedParameters: 0 0 0

#Transform 128
Transform: AffineTransform_float_3_3
Parameters: 0.999962 -0.00744625 0.00439074 0.00744377 0.999972 0.000573959 -0.00439423 -0.000541045 0.99999 0.411968 0.0617818 0.0300252
FixedParameters: 0 0 0

#Transform 129
Transform: AffineTransform_float_3_3
Parameters: 0.999961 -0.00746523 0.00473352 0.00746354 0.999972 0.000327618 -0.00473525 -0.000292386 0.999988 0.397765 -0.0174406 0.0083315
FixedParameters: 0 0 0

#Transform 130
Transform: AffineTransform_float_3_3
Parameters: 0.99996 -0.00767324 0.00457421 0.00767109 0.99997 0.000507293 -0.0045779 -0.000471708 0.99999 0.405584 0.0436731 0.0513995
FixedParameters: 0 0 0

#Transform 131
Transform: AffineTransform_float_3_3
Parameters: 0.999963 -0.00725823 0.00464513 0.00725605 0.999973 0.000386151 -0.00464759 -0.000351848 0.999989 0.390837 -0.0251819 0.0298399
FixedParameters: 0 0 0

#Transform 132
Transform: AffineTransform_float_3_3
Parameters: 0.999964 -0.00723398 0.00447904 0.00723252 0.999974 0.000309752 -0.00448139 -0.000278245 0.99999 0.386744 0.0607282 0.0221548
FixedParameters: 0 0 0

#Transform 133
Transform: AffineTransform_float_3_3
Parameters: 0.999954 -0.00798962 0.00529923 0.00798607 0.999968 0.000685509 -0.00530412 -0.000643495 0.999986 0.432828 -0.012813 0.0257419
FixedParameters: 0 0 0

#Transform 134
Transform: AffineTransform_float_3_3
Parameters: 0.999955 -0.0081581 0.00488206 0.00815839 0.999966 9.27915e-05 -0.00488333 -5.22061e-05 0.999988 0.435354 0.0514309 0.00423233
FixedParameters: 0 0 0

#Transform 135
Transform: AffineTransform_float_3_3
Parameters: 0.999951 -0.00831813 0.00539647 0.00831306 0.999965 0.00102383 -0.00540459 -0.000979176 0.999985 0.457587 0.00115017 0.0468194
FixedParameters: 0 0 0

#Transform 136
Transform: AffineTransform_float_3_3
Parameters: 0.999957 -0.00796854 0.00485 0.00796811 0.999968 0.000183696 -0.00485072 -0.000145311 0.999989 0.41838 0.0523636 0.0147118
FixedParameters: 0 0 0

#Transform 137
Transform: AffineTransform_float_3_3
Parameters: 0.99995 -0.00854824 0.0051844 0.00854512 0.999963 0.000660073 -0.00518958 -0.00061593 0.999986 0.447648 0.014047 0.056839
FixedParameters: 0 0 0

#Transform 138
Transform: AffineTransform_float_3_3
Parameters: 0.999957 -0.00805633 0.00443836 0.00805632 0.999967 1.86009e-05 -0.00443837 1.7601e-05 0.99999 0.403303 0.0157393 0.00561784
FixedParameters: 0 0 0

#Transform 139
Transform: AffineTransform_float_3_3
Parameters: 0.999949 -0.00878185 0.0049515 0.00877917 0.999961 0.000426961 -0.00495471 -0.000383039 0.999988 0.43077 0.0127549 0.0582984
FixedParameters: 0 0 0

#Transform 140
Transform: AffineTransform_float_3_3
Parameters: 0.999949 -0.00875328 0.00491667 0.00875035 0.999962 0.00056552 -0.00492139 -0.000522479 0.999988 0.43064 -0.00364609 -0.0141466
FixedParameters: 0 0 0

#Transform 141
Transform: AffineTransform_float_3_3
Parameters: 0.999949 -0.00873238 0.00507695 0.00872971 0.999962 0.000514823 -0.00508173 -0.000470172 0.999987 0.455926 0.0520862 0.038027
FixedParameters: 0 0 0

#Transform 142
Transform: AffineTransform_float_3_3
Parameters: 0.999951 -0.00838616 0.00527543 0.00838473 0.999965 0.00026807 -0.00527765 -0.000223928 0.999986 0.422527 -0.0213529 0.0257062
FixedParameters: 0 0 0

#Transform 143
Transform: AffineTransform_float_3_3
Parameters: 0.999953 -0.00834508 0.00478711 0.00834283 0.999965 0.000385665 -0.00479032 -0.000346331 0.999988 0.410381 0.0568945 0.0728
FixedParameters: 0 0 0

#Transform 144
Transform: AffineTransform_float_3_3
Parameters: 0.999957 -0.00791927 0.00495203 0.00791632 0.999969 0.000562269 -0.00495581 -0.000522734 0.999987 0.41935 -0.0109322 0.0593165
FixedParameters: 0 0 0

#Transform 145
Transform: AffineTransform_float_3_3
Parameters: 0.999948 -0.00878342 0.00515215 0.00878238 0.999961 0.000341834 -0.00515494 -0.000296169 0.999987 0.454708 0.0516874 0.0464828
FixedParameters: 0 0 0

#Transform 146
Transform: AffineTransform_float_3_3
Parameters: 0.999942 -0.00912792 0.00581639 0.00912474 0.999958 0.000500644 -0.00582123 -0.000447349 0.999983 0.469121 0.00396735 0.0390865
FixedParameters: 0 0 0

#Transform 147
Transform: AffineTransform_float_3_3
Parameters: 0.999944 -0.00932889 0.00486365 0.00932717 0.999956 0.000328348 -0.00486645 -0.000282651 0.999988 0.452402 0.0474792 0.0713582
FixedParameters: 0 0 0

#Transform 148
Transform: AffineTransform_float_3_3
Parameters: 0.999944 -0.00923346 0.00502912 0.00923263 0.999957 0.000329593 -0.00503196 -0.00028241 0.999987 0.443476 -0.0046107 0.0597312
FixedParameters: 0 0 0

#Transform 149
Transform: AffineTransform_float_3_3
Parameters: 0.999935 -0.0101546 0.0053244 0.0101515 0.999948 0.000541515 -0.00533003 -0.00048748 0.999986 0.482073 0.0573894 0.0980232
FixedParameters: 0 0 0

#Transform 150
Transform: AffineTransform_float_3_3
Parameters: 0.999931 -0.0107361 0.00472829 0.0107355 0.999943 0.000208401 -0.00473031 -0.0001576 0.999989 0.465217 0.040785 0.0320801
FixedParameters: 0 0 0

#Transform 151
Transform: AffineTransform_float_3_3
Parameters: 0.999922 -0.0113535 0.00509578 0.0113513 0.999935 0.000593134 -0.00510287 -0.000534862 0.999987 0.483817 0.0272977 0.102025
FixedParameters: 0 0 0

#Transform 152
Transform: AffineTransform_float_3_3
Parameters: 0.999929 -0.0109514 0.00474865 0.0109513 0.99994 3.84623e-05 -0.00474891 1.4464e-05 0.999988 0.453367 0.0166322 0.0342199
FixedParameters: 0 0 0

#Transform 153
Transform: AffineTransform_float_3_3
Parameters: 0.999921 -0.0112874 0.0053971 0.0112846 0.999937 0.000522296 -0.00540239 -0.000460706 0.999985 0.491343 0.0156309 0.0947574
FixedParameters: 0 0 0

#Transform 154
Transform: AffineTransform_float_3_3
Parameters: 0.999924 -0.0111202 0.00533921 0.0111186 0.999939 0.000389909 -0.0053434 -0.000330092 0.999986 0.484241 0.0263222 0.0274056
FixedParameters: 0 0 0

#Transform 155
Transform: AffineTransform_float_3_3
Parameters: 0.999915 -0.0117381 0.00569797 0.0117336 0.999931 0.000647967 -0.00570559 -0.000581022 0.999983 0.511615 0.0648611 0.0862922
FixedParameters: 0 0 0

#Transform 156
Transform: AffineTransform_float_3_3
Parameters: 0.999914 -0.0119447 0.00528292 0.0119416 0.999928 0.000570812 -0.00528899 -0.00050719 0.999986 0.48384 0.0154394 0.0570866
FixedParameters: 0 0 0

#Transform 157
Transform: AffineTransform_float_3_3
Parameters: 0.999921 -0.0113802 0.00521233 0.0113769 0.999935 0.000689528 -0.00521964 -0.000630476 0.999986 0.489135 0.0880182 0.0822842
FixedParameters: 0 0 0

#Transform 158
Transform: AffineTransform_float_3_3
Parameters: 0.999919 -0.011622 0.00528861 0.0116199 0.999932 0.000565516 -0.00529533 -0.00050448 0.999986 0.495313 0.0100805 0.057756
FixedParameters: 0 0 0

#Transform 159
Transform: AffineTransform_float_3_3
Parameters: 0.999915 -0.0118635 0.00544272 0.0118597 0.99993 0.000725396 -0.00545046 -0.000661611 0.999985 0.497007 0.0862639 0.0898663
FixedParameters: 0 0 0

#Transform 160
Transform: AffineTransform_float_3_3
Parameters: 0.999919 -0.0116703 0.00519343 0.0116673 0.999932 0.000559564 -0.00519998 -0.00049943 0.999987 0.473074 0.0225635 0.0667148
FixedParameters: 0 0 0

#Transform 161
Transform: AffineTransform_float_3_3
Parameters: 0.999922 -0.0112011 0.0053897 0.0111974 0.999937 0.000611834 -0.00539692 -0.000551155 0.999985 0.479586 0.0693566 0.104024
FixedParameters: 0 0 0

#Transform 162
Transform: AffineTransform_float_3_3
Parameters: 0.999916 -0.0116128 0.00575295 0.0116097 0.999933 0.000613981 -0.00575971 -0.00054702 0.999983 0.493363 0.0175279 0.0329234
FixedParameters: 0 0 0

#Transform 163
Transform: AffineTransform_float_3_3
Parameters: 0.999909 -0.0122782 0.00559526 0.0122727 0.999924 0.000975216 -0.00560674 -0.000905783 0.999984 0.507717 0.079936 0.0795867
FixedParameters: 0 0 0

#Transform 164
Transform: AffineTransform_float_3_3
Parameters: 0.999913 -0.011954 0.00547636 0.0119514 0.999929 0.000495192 -0.00548161 -0.000429811 0.999985 0.477916 0.0155283 0.0444245
FixedParameters: 0 0 0

#Transform 165
Transform: AffineTransform_float_3_3
Parameters: 0.999906 -0.012412 0.00570708 0.0124092 0.999923 0.00050017 -0.0057128 -0.00042883 0.999984 0.512665 0.0627115 0.0928271
FixedParameters: 0 0 0

#Transform 166
Transform: AffineTransform_float_3_3
Parameters: 0.999908 -0.0123759 0.00558229 0.0123722 0.999923 0.000598416 -0.00558945 -0.000529578 0.999984 0.513756 0.0239567 0.038043
FixedParameters: 0 0 0

#Transform 167
Transform: AffineTransform_float_3_3
Parameters: 0.999902 -0.01265 0.00602368 0.0126456 0.99992 0.000713412 -0.00603204 -0.000636587 0.999981 0.541409 0.0726481 0.119738
FixedParameters: 0 0 0

#Transform 168
Transform: AffineTransform_float_3_3
Parameters: 0.999911 -0.0121169 0.00560882 0.0121141 0.999927 0.000405611 -0.00561393 -0.000337378 0.999985 0.484665 0.0311982 0.0583949
FixedParameters: 0 0 0

#Transform 169
Transform: AffineTransform_float_3_3
Parameters: 0.99991 -0.0120112 0.00597178 0.0120089 0.999928 0.000516589 -0.0059776 -0.000444414 0.999982 0.507936 0.0363174 0.114796
FixedParameters: 0 0 0

#Transform 170
Transform: AffineTransform_float_3_3
Parameters: 0.999917 -0.0113895 0.00592058 0.011387 0.999935 0.000363942 -0.00592421 -0.000297056 0.999982 0.499457 0.0293794 0.0867742
FixedParameters: 0 0 0

#Transform 171
Transform: AffineTransform_float_3_3
Parameters: 0.999917 -0.0114259 0.00606998 0.0114231 0.999935 0.000552893 -0.00607611 -0.000484106 0.999981 0.489632 0.0843394 0.152387
FixedParameters: 0 0 0

#Transform 172
Transform: AffineTransform_float_3_3
Parameters: 0.999906 -0.0121603 0.00643277 0.0121582 0.999926 0.000468134 -0.00643848 -0.000389864 0.999979 0.508155 0.026183 0.0875039
FixedParameters: 0 0 0

#Transform 173
Transform: AffineTransform_float_3_3
Parameters: 0.999907 -0.0124726 0.0055354 0.0124705 0.999922 0.00043728 -0.00554064 -0.000368718 0.999985 0.502627 0.106219 0.10167
FixedParameters: 0 0 0

#Transform 174
Transform: AffineTransform_float_3_3
Parameters: 0.999908 -0.0121257 0.00609948 0.0121197 0.999926 0.00111279 -0.00611313 -0.0010392 0.99998 0.517634 0.0330449 0.170572
FixedParameters: 0 0 0

#Transform 175
Transform: AffineTransform_float_3_3
Parameters: 0.999923 -0.0112725 0.00519009 0.0112721 0.999936 0.000178853 -0.00519155 -0.000120151 0.999987 0.45281 0.0967037 0.131166
FixedParameters: 0 0 0

#Transform 176
Transform: AffineTransform_float_3_3
Parameters: 0.999904 -0.0123417 0.00619938 0.0123375 0.999923 0.000854175 -0.00620899 -0.000777834 0.99998 0.519965 0.0441354 0.160099
FixedParameters: 0 0 0

#Transform 177
Transform: AffineTransform_float_3_3
Parameters: 0.999912 -0.0121654 0.00538684 0.0121628 0.999926 0.000508093 -0.0053926 -0.000442907 0.999986 0.492656 0.121606 0.143493
FixedParameters: 0 0 0

#Transform 178
Transform: AffineTransform_float_3_3
Parameters: 0.999912 -0.0117216 0.00624603 0.0117172 0.999931 0.000857537 -0.00625573 -0.000784466 0.99998 0.521365 0.0417202 0.206128
FixedParameters: 0 0 0

#Transform 179
Transform: AffineTransform_float_3_3
Parameters: 0.999923 -0.0111288 0.00537173 0.0111276 0.999938 0.000245315 -0.00537462 -0.00018568 0.999986 0.443721 0.108209 0.158392
FixedParameters: 0 0 0

#Transform 180
Transform: AffineTransform_float_3_3
Parameters: 0.999916 -0.0115266 0.00604631 0.011522 0.999933 0.000814151 -0.00605465 -0.000743857 0.999981 0.504403 0.082055 0.214955
FixedParameters: 0 0 0

#Transform 181
Transform: AffineTransform_float_3_3
Parameters: 0.999919 -0.0114345 0.00558211 0.0114331 0.999935 0.000368139 -0.00558598 -0.000303864 0.999985 0.477876 0.0946658 0.150235
FixedParameters: 0 0 0

#Transform 182
Transform: AffineTransform_float_3_3
Parameters: 0.999916 -0.0114391 0.0059902 0.0114367 0.999934 0.000435961 -0.00599459 -0.000368041 0.999981 0.488867 0.0719053 0.250365
FixedParameters: 0 0 0

#Transform 183
Transform: AffineTransform_float_3_3
Parameters: 0.999913 -0.0116147 0.00625755 0.0116107 0.999932 0.000566149 -0.00626306 -0.000493853 0.99998 0.489018 0.10422 0.167672
FixedParameters: 0 0 0

#Transform 184
Transform: AffineTransform_float_3_3
Parameters: 0.999922 -0.0110017 0.00580877 0.0109989 0.99994 0.00057174 -0.00581492 -0.00050726 0.999983 0.481247 0.088482 0.264325
FixedParameters: 0 0 0

#Transform 185
Transform: AffineTransform_float_3_3
Parameters: 0.999934 -0.0101087 0.00533648 0.0101073 0.999948 0.000167462 -0.00533832 -0.00011353 0.999986 0.419724 0.0809272 0.205105
FixedParameters: 0 0 0

#Transform 186
Transform: AffineTransform_float_3_3
Parameters: 0.999934 -0.0100917 0.00545554 0.0100886 0.999948 0.000635686 -0.00546109 -0.000580321 0.999985 0.442289 0.080918 0.29981
FixedParameters: 0 0 0

#Transform 187
Transform: AffineTransform_float_3_3
Parameters: 0.999941 -0.00982938 0.00463031 0.00983075 0.999952 -0.000251048 -0.00462683 0.000296944 0.999989 0.410684 0.0594004 0.235754
FixedParameters: 0 0 0

#Transform 188
Transform: AffineTransform_float_3_3
Parameters: 0.999915 -0.0118812 0.00538217 0.0118788 0.99993 0.000386737 -0.0053857 -0.000322269 0.999986 0.469068 0.0983028 0.29244
FixedParameters: 0 0 0

#Transform 189
Transform: AffineTransform_float_3_3
Parameters: 0.999914 -0.0122826 0.0045636 0.0122828 0.999925 -0.000112925 -0.00456106 0.000168067 0.99999 0.437936 0.0887258 0.214281
FixedParameters: 0 0 0

#Transform 190
Transform: AffineTransform_float_3_3
Parameters: 0.99991 -0.0127327 0.00424211 0.0127338 0.999919 -0.000127502 -0.00424017 0.000181496 0.999991 0.458573 0.123414 0.234356
FixedParameters: 0 0 0

#Transform 191
Transform: AffineTransform_float_3_3
